1 0 0 0 0
2 1 1 0 0
3 2 2 0 0
4 3 3 0 0
5 4 4 0 0
6 5 5 0 0
7 6 6 0 0
8 7 7 0 0
9 8 8 0 0
10 9 9 0 0
11 0 0 1 1
12 1 1 1 1
13 2 2 1 1
14 3 3 1 1
15 4 4 1 1
16 5 5 1 1
17 6 6 1 1
18 7 7 1 1
19 8 8 1 1
20 9 9 1 1
21 0 0 2 2
22 1 1 2 2
23 2 2 2 2
24 3 3 2 2
25 4 4 2 2
26 5 5 2 2
27 6 6 2 2
28 7 7 2 2
29 8 8 2 2
30 9 9 2 2
31 0 0 3 3
32 1 1 3 3
33 2 2 3 3
34 3 3 3 3
35 4 4 3 3
36 5 5 3 3
37 6 6 3 3
38 7 7 3 3
39 8 8 3 3
40 9 9 3 3
41 0 0 4 4
42 1 1 4 4
43 2 2 4 4
44 3 3 4 4
45 4 4 4 4
46 5 5 4 4
47 6 6 4 4
48 7 7 4 4
49 8 8 4 4
50 9 9 4 4
51 0 0 5 5
52 1 1 5 5
53 2 2 5 5
54 3 3 5 5
55 4 4 5 5
56 5 5 5 5
57 6 6 5 5
58 7 7 5 5
59 8 8 5 5
60 9 9 5 5
61 0 0 6 6
62 1 1 6 6
63 2 2 6 6
64 3 3 6 6
65 4 4 6 6
66 5 5 6 6
67 6 6 6 6
68 7 7 6 6
69 8 8 6 6
70 9 9 6 6
71 0 0 7 7
72 1 1 7 7
73 2 2 7 7
74 3 3 7 7
75 4 4 7 7
76 5 5 7 7
77 6 6 7 7
78 7 7 7 7
79 8 8 7 7
80 9 9 7 7
81 0 0 8 8
82 1 1 8 8
83 2 2 8 8
84 3 3 8 8
85 4 4 8 8
86 5 5 8 8
87 6 6 8 8
88 7 7 8 8
89 8 8 8 8
90 9 9 8 8
91 0 0 9 9
92 1 1 9 9
93 2 2 9 9
94 3 3 9 9
95 4 4 9 9
96 5 5 9 9
97 6 6 9 9
98 7 7 9 9
99 8 8 9 9
100 9 9 9 9
