1 62 63 60 60
2 30 30 94 96
3 11 11 26 26
4 10 10 20 20
5 47 47 34 35
6 85 85 80 82
7 16 17 90 91
8 99 99 9 9
9 46 46 46 48
10 47 48 80 80
11 66 66 23 24
12 52 52 39 41
13 12 12 50 52
14 86 87 28 30
15 0 0 68 69
16 50 50 34 36
17 7 9 0 2
18 83 83 36 36
19 26 28 66 68
20 6 6 36 36
21 66 66 43 44
22 42 42 86 86
23 48 48 78 79
24 95 95 93 93
25 42 42 93 94
26 98 98 60 61
27 95 95 55 57
28 45 47 93 94
29 51 53 23 23
30 28 28 15 17
31 84 85 36 37
32 65 65 24 26
33 96 98 96 96
34 72 73 73 75
35 44 44 3 4
36 84 84 32 33
37 40 40 65 66
38 90 90 18 19
39 27 27 36 36
40 49 49 55 57
41 97 97 82 83
42 74 74 35 36
43 87 87 88 89
44 52 53 83 85
45 14 16 11 13
46 89 90 7 9
47 8 8 84 86
48 75 76 8 8
49 17 17 11 11
50 62 62 18 18
51 55 55 13 15
52 6 6 32 33
53 2 3 6 7
54 20 22 82 84
55 18 18 89 90
56 50 50 57 57
57 9 9 3 4
58 70 72 3 4
59 73 73 36 37
60 46 48 82 82
61 30 32 47 47
62 12 13 45 46
63 45 45 78 80
64 68 68 36 37
65 38 38 55 55
66 26 27 13 15
67 38 40 0 0
68 20 20 46 47
69 11 11 99 99
70 5 6 99 99
71 67 68 35 35
72 93 94 44 44
73 97 98 92 93
74 17 17 89 89
75 92 93 17 19
76 14 14 66 66
77 63 65 12 14
78 13 13 96 97
79 45 45 84 86
80 50 51 17 18
81 20 20 4 5
82 32 34 0 2
83 9 11 47 48
84 25 25 9 9
85 2 2 28 30
86 69 69 91 93
87 33 34 34 36
88 98 98 57 59
89 20 20 3 3
90 46 46 55 56
91 5 6 58 59
92 76 76 50 52
93 54 55 28 28
94 70 70 67 67
95 48 50 65 67
96 56 58 33 33
97 98 98 8 10
98 14 15 54 56
99 80 82 93 93
100 77 77 93 95
101 69 70 81 83
102 31 31 9 9
103 7 9 28 30
104 22 23 90 91
105 30 32 42 43
106 93 93 41 41
107 93 95 67 68
108 19 19 66 68
109 53 53 3 3
110 84 85 94 94
111 24 26 44 45
112 61 61 14 15
113 10 11 30 30
114 42 42 95 97
115 97 98 25 26
116 78 80 24 26
117 58 60 0 1
118 44 45 89 89
119 62 62 13 13
120 21 21 23 24
121 76 78 13 14
122 34 34 80 82
123 61 63 61 62
124 86 86 91 92
125 17 17 55 56
126 44 44 52 53
127 32 32 11 12
128 58 60 29 31
129 94 95 46 48
130 64 64 41 43
131 46 48 0 1
132 62 63 96 97
133 46 48 9 10
134 89 91 98 98
135 65 65 51 53
136 36 36 61 62
137 56 56 72 74
138 62 62 10 12
139 93 93 50 50
140 27 27 19 19
141 29 29 4 5
142 85 85 39 40
143 59 60 35 35
144 58 58 75 75
145 3 3 81 81
146 85 85 21 21
147 39 40 32 32
148 36 36 87 89
149 10 12 0 1
150 16 16 38 40
151 49 49 77 78
152 5 5 69 69
153 66 68 84 85
154 14 15 17 18
155 67 67 59 60
156 4 4 0 0
157 53 53 73 73
158 85 85 65 66
159 87 87 11 13
160 46 46 75 76
161 74 74 54 55
162 14 14 58 60
163 4 5 32 32
164 93 95 87 88
165 5 5 16 16
166 55 55 86 87
167 83 83 67 68
168 43 45 70 71
169 7 7 87 88
170 94 94 21 23
171 96 96 68 70
172 33 34 30 30
173 48 49 21 23
174 99 99 90 91
175 45 46 60 62
176 82 83 51 53
177 20 21 93 95
178 96 96 6 8
179 53 53 36 36
180 27 29 97 99
181 3 5 61 62
182 64 66 60 62
183 67 68 76 76
184 5 5 88 89
185 7 7 69 70
186 3 3 56 57
187 32 34 70 71
188 6 6 29 31
189 79 81 79 79
190 3 3 58 60
191 98 99 71 72
192 74 75 56 58
193 10 11 43 43
194 33 34 72 72
195 58 60 11 12
196 25 25 70 70
197 52 52 87 87
198 57 57 60 60
199 43 43 0 0
200 74 75 47 49
201 51 51 11 12
202 96 97 14 16
203 23 23 60 62
204 8 9 68 69
205 32 32 36 36
206 49 49 59 61
207 69 71 72 74
208 52 53 70 72
209 54 54 6 7
210 2 4 15 16
211 5 7 40 40
212 76 77 19 19
213 19 19 75 76
214 3 3 91 91
215 12 14 79 79
216 72 74 27 29
217 52 53 26 26
218 11 11 62 64
219 37 37 60 61
220 27 29 9 9
221 78 80 94 95
222 94 94 19 20
223 35 37 71 72
224 3 3 69 70
225 6 6 64 66
226 46 46 70 71
227 37 37 14 15
228 82 84 40 40
229 31 33 95 97
230 38 38 19 20
231 31 32 7 7
232 34 34 94 96
233 46 46 99 99
234 34 35 14 15
235 59 61 8 10
236 19 20 62 62
237 16 16 1 3
238 18 18 53 53
239 46 46 49 51
240 52 53 15 16
241 82 83 23 24
242 11 13 19 19
243 27 29 48 50
244 41 42 24 26
245 53 55 40 40
246 37 37 47 47
247 20 21 28 28
248 81 81 10 10
249 24 24 35 36
250 91 93 85 85
251 63 64 86 88
252 27 27 88 88
253 89 90 60 62
254 18 18 54 56
255 98 98 32 32
256 93 94 60 61
257 60 61 69 69
258 64 64 35 35
259 31 31 25 27
260 13 13 64 64
261 27 28 93 94
262 34 34 53 53
263 94 96 85 86
264 1 1 34 35
265 91 92 4 6
266 25 26 96 98
267 91 91 8 9
268 68 68 80 81
269 34 34 57 58
270 1 3 95 97
271 27 29 56 58
272 47 47 67 67
273 66 68 13 14
274 90 90 10 10
275 69 69 62 64
276 89 89 76 77
277 1 1 13 15
278 48 48 33 34
279 99 99 60 61
280 77 78 6 8
281 60 60 71 72
282 50 51 31 33
283 50 51 4 5
284 11 13 20 20
285 21 22 87 87
286 15 15 65 65
287 76 76 1 2
288 34 34 54 56
289 65 67 92 93
290 45 45 10 10
291 55 55 26 26
292 74 76 11 12
293 20 21 48 49
294 86 88 55 56
295 9 9 86 88
296 33 33 88 88
297 0 0 8 9
298 59 59 23 24
299 93 94 81 83
300 77 79 33 35
301 47 48 47 48
302 4 4 67 69
303 47 47 36 36
304 26 26 24 24
305 98 98 47 47
306 93 93 13 15
307 61 61 29 31
308 34 34 67 68
309 56 56 54 55
310 8 9 11 11
311 64 64 20 20
312 95 97 62 62
313 36 38 78 80
314 11 13 83 85
315 58 59 90 92
316 66 67 53 54
317 17 17 41 42
318 49 51 72 74
319 47 47 57 59
320 76 76 6 7
321 60 61 24 25
322 43 45 40 41
323 24 26 56 57
324 72 73 69 69
325 66 66 12 12
326 24 26 76 78
327 43 43 79 79
328 60 60 87 88
329 82 82 42 42
330 88 88 57 59
331 8 8 83 83
332 91 91 38 40
333 67 67 22 24
334 34 34 4 4
335 77 78 61 62
336 72 73 70 72
337 58 58 87 89
338 96 96 32 34
339 26 27 12 12
340 72 74 77 78
341 77 77 55 57
342 61 61 94 94
343 7 7 51 51
344 96 97 66 67
345 0 0 4 4
346 75 77 68 69
347 60 60 44 45
348 19 19 77 77
349 47 47 23 25
350 52 52 42 42
351 32 33 56 58
352 53 53 94 94
353 23 24 25 25
354 57 57 42 44
355 81 81 72 72
356 32 32 75 76
357 49 51 16 16
358 15 15 5 6
359 21 21 47 47
360 81 81 19 20
361 39 40 15 16
362 87 87 21 22
363 43 43 2 2
364 74 74 66 68
365 59 59 93 94
366 0 0 79 81
367 38 39 72 73
368 26 28 51 52
369 83 83 73 75
370 43 43 3 3
371 23 23 98 99
372 70 71 44 45
373 88 88 53 53
374 76 77 46 47
375 40 41 48 48
376 74 74 2 3
377 68 68 7 7
378 42 42 55 55
379 92 92 26 27
380 7 8 96 98
381 62 64 38 38
382 36 38 95 95
383 69 71 5 7
384 55 56 20 22
385 40 40 42 44
386 48 48 83 83
387 72 72 49 51
388 91 91 73 75
389 93 95 0 2
390 64 64 82 83
391 8 9 59 59
392 81 81 25 25
393 67 67 86 86
394 64 64 57 57
395 17 19 93 93
396 44 45 90 90
397 56 57 56 56
398 76 76 90 90
399 47 47 22 22
400 85 85 28 30
401 46 46 16 16
402 31 31 54 54
403 3 4 88 88
404 93 94 12 12
405 29 31 89 91
406 9 11 46 46
407 0 1 42 43
408 44 45 95 96
409 3 3 54 54
410 88 90 40 42
411 47 47 87 88
412 69 71 49 49
413 17 17 3 4
414 47 47 78 79
415 30 31 12 13
416 21 22 85 86
417 48 49 17 18
418 74 75 98 98
419 73 75 13 15
420 27 27 20 21
421 85 85 54 56
422 58 58 98 99
423 69 69 27 27
424 75 75 27 28
425 78 79 97 98
426 40 40 12 12
427 9 9 63 64
428 58 59 78 80
429 18 18 72 73
430 45 45 35 37
431 46 46 95 95
432 96 97 39 41
433 6 6 25 27
434 84 84 21 21
435 71 71 93 93
436 52 54 97 99
437 46 46 96 98
438 94 94 57 59
439 46 46 79 81
440 20 22 37 38
441 81 82 68 70
442 46 46 4 6
443 46 46 34 36
444 11 13 66 66
445 60 60 91 93
446 41 41 37 39
447 7 8 34 34
448 72 72 59 59
449 89 90 51 53
450 99 99 98 99
451 59 59 27 28
452 34 34 97 98
453 54 55 11 11
454 1 1 36 36
455 53 53 4 4
456 79 79 75 76
457 31 31 2 3
458 91 91 83 84
459 80 80 97 97
460 91 92 1 1
461 52 52 11 12
462 50 50 11 12
463 33 33 43 44
464 38 39 43 43
465 37 37 92 92
466 43 44 84 86
467 24 26 34 34
468 38 38 74 74
469 51 51 83 85
470 24 24 74 75
471 97 97 50 51
472 8 8 37 38
473 74 74 64 65
474 93 94 54 56
475 75 75 79 79
476 12 14 8 10
477 59 59 88 89
478 12 14 14 15
479 79 79 62 63
480 7 8 26 27
481 86 87 8 8
482 33 34 23 24
483 61 61 11 13
484 62 64 93 95
485 33 33 59 61
486 24 24 39 41
487 6 6 11 13
488 0 1 37 38
489 30 32 37 39
490 7 7 52 53
491 85 87 25 25
492 98 98 87 89
493 24 25 46 48
494 26 26 72 72
495 61 61 21 23
496 73 73 56 58
497 35 35 70 70
498 32 32 29 31
499 87 87 9 10
500 23 23 41 42
501 76 77 67 67
502 19 21 90 92
503 76 76 45 45
504 4 6 60 60
505 8 8 39 41
506 10 10 61 62
507 13 13 24 25
508 67 69 2 4
509 95 96 81 83
510 98 98 5 7
511 68 70 38 40
512 26 26 58 59
513 41 41 12 14
514 35 37 51 51
515 87 87 1 1
516 28 28 43 45
517 15 16 80 80
518 81 82 83 83
519 55 56 90 90
520 16 16 81 82
521 11 11 16 16
522 3 4 86 87
523 10 10 55 57
524 35 35 33 35
525 79 81 2 3
526 90 90 70 71
527 7 7 50 50
528 58 58 63 64
529 24 26 61 63
530 38 39 37 38
531 71 71 78 79
532 27 27 35 35
533 48 48 26 27
534 10 12 70 72
535 49 49 0 2
536 57 58 71 72
537 97 97 1 1
538 76 76 38 38
539 80 81 86 88
540 31 32 44 45
541 7 8 35 36
542 69 69 76 78
543 22 24 93 94
544 88 89 93 95
545 61 61 36 38
546 67 67 47 47
547 92 92 71 71
548 69 70 18 20
549 45 45 8 9
550 24 26 49 50
551 83 83 41 42
552 91 92 87 88
553 0 2 88 88
554 87 88 38 39
555 29 29 38 38
556 87 88 18 20
557 35 35 48 50
558 54 55 33 35
559 89 89 31 33
560 67 68 41 41
561 68 68 8 9
562 58 58 44 46
563 15 16 63 64
564 44 44 79 80
565 3 3 39 41
566 99 99 93 93
567 91 92 95 97
568 41 41 19 19
569 36 36 90 90
570 75 75 21 23
571 22 22 72 73
572 97 97 23 24
573 44 44 6 6
574 37 37 40 41
575 91 91 70 72
576 2 2 82 82
577 58 58 53 53
578 0 0 63 63
579 68 69 60 61
580 78 79 96 96
581 11 11 59 61
582 21 21 64 64
583 5 6 7 9
584 14 15 33 35
585 63 63 76 78
586 74 75 60 60
587 39 39 46 47
588 62 63 37 37
589 92 92 9 10
590 99 99 49 50
591 31 31 55 56
592 78 79 74 74
593 80 80 15 15
594 11 11 22 23
595 42 42 41 42
596 77 78 79 79
597 44 44 30 31
598 15 17 31 31
599 28 28 37 38
600 58 59 68 68
601 95 95 3 3
602 48 48 58 59
603 16 18 98 99
604 66 67 71 72
605 50 52 7 7
606 89 89 59 59
607 19 19 42 44
608 57 57 59 59
609 29 29 76 76
610 97 97 77 79
611 97 97 80 81
612 40 41 57 57
613 21 23 0 1
614 16 16 51 51
615 81 81 14 15
616 47 47 61 63
617 85 86 57 58
618 66 66 37 37
619 11 11 24 25
620 91 91 17 18
621 88 89 30 30
622 89 89 82 83
623 61 63 63 64
624 68 69 89 90
625 68 68 48 50
626 36 36 33 33
627 20 21 52 53
628 32 32 24 25
629 62 62 98 98
630 41 41 49 50
631 80 80 32 32
632 57 59 69 69
633 92 93 23 25
634 84 85 87 87
635 68 68 74 74
636 0 2 3 3
637 91 91 32 34
638 66 67 20 21
639 62 62 6 8
640 69 70 94 96
641 71 71 91 92
642 49 49 82 83
643 4 4 57 59
644 90 90 93 93
645 41 43 35 36
646 92 94 72 74
647 45 45 6 7
648 64 64 2 3
649 97 97 32 34
650 2 2 72 74
651 62 62 86 86
652 9 9 8 10
653 78 79 83 83
654 99 99 57 59
655 36 36 7 7
656 33 33 4 5
657 4 4 14 14
658 74 74 40 42
659 88 88 99 99
660 11 13 17 18
661 54 54 4 4
662 67 67 77 78
663 70 70 68 68
664 9 10 40 40
665 38 39 58 60
666 64 64 39 40
667 23 23 30 32
668 7 8 57 58
669 70 70 26 27
670 95 97 21 22
671 65 66 33 35
672 58 58 59 60
673 50 50 58 60
674 87 87 46 47
675 99 99 24 26
676 7 8 25 25
677 99 99 44 45
678 23 23 59 59
679 46 48 72 73
680 43 45 87 88
681 20 21 61 61
682 83 84 28 30
683 64 64 77 78
684 92 93 89 90
685 57 57 1 1
686 22 22 69 71
687 38 39 10 12
688 74 75 87 87
689 0 0 70 71
690 90 90 32 33
691 15 16 88 88
692 16 18 24 25
693 72 72 35 37
694 51 51 68 68
695 38 38 32 33
696 35 37 52 54
697 5 5 79 79
698 75 76 40 41
699 41 42 32 34
700 58 58 76 77
701 80 80 68 70
702 18 18 94 94
703 1 2 22 24
704 14 14 67 69
705 20 22 40 42
706 65 67 7 9
707 49 49 3 5
708 37 37 17 18
709 46 46 78 78
710 76 77 5 5
711 9 11 97 98
712 8 8 19 19
713 5 7 3 5
714 95 97 37 38
715 42 42 38 40
716 79 79 39 40
717 62 64 85 85
718 49 49 33 34
719 62 62 69 69
720 70 70 34 35
721 2 2 27 27
722 89 90 87 89
723 72 72 43 45
724 52 53 67 69
725 13 13 30 31
726 60 62 16 16
727 1 1 25 25
728 26 27 39 41
729 22 23 88 89
730 22 23 7 8
731 56 57 0 0
732 86 88 36 37
733 97 99 76 76
734 0 0 5 7
735 35 37 73 74
736 40 42 10 11
737 72 73 60 61
738 9 9 55 56
739 75 76 76 77
740 83 83 88 90
741 85 86 15 16
742 40 41 91 92
743 60 60 61 63
744 69 70 97 99
745 65 65 54 55
746 10 10 2 4
747 68 70 66 66
748 75 77 91 92
749 37 38 25 27
750 30 32 59 60
751 97 97 68 69
752 50 51 6 6
753 19 19 80 81
754 46 46 86 88
755 79 81 61 61
756 57 57 24 25
757 71 72 18 18
758 74 75 34 34
759 40 40 26 27
760 76 76 34 35
761 37 37 86 88
762 33 33 29 29
763 1 2 61 62
764 43 44 62 64
765 64 66 22 22
766 78 79 32 32
767 10 10 84 85
768 71 73 0 2
769 95 95 31 32
770 17 19 37 37
771 0 2 53 53
772 24 24 72 72
773 38 38 34 36
774 93 95 10 11
775 2 3 25 25
776 59 61 3 4
777 0 1 40 41
778 22 22 65 66
779 19 19 40 41
780 89 89 73 73
781 84 86 22 24
782 88 88 0 1
783 71 71 33 35
784 24 24 30 30
785 8 8 46 47
786 65 65 82 82
787 20 20 26 27
788 84 84 66 68
789 3 3 22 23
790 18 18 86 86
791 90 91 57 59
792 61 62 41 43
793 96 96 24 26
794 63 63 49 49
795 45 46 66 66
796 90 91 79 79
797 83 85 85 86
798 17 17 14 16
799 49 49 70 71
800 14 14 51 53
801 64 64 67 68
802 48 48 25 25
803 45 46 22 24
804 36 36 84 86
805 56 58 28 28
806 0 1 39 39
807 3 4 82 84
808 52 53 18 19
809 61 63 44 44
810 17 18 79 81
811 67 67 34 34
812 25 26 0 2
813 70 70 61 63
814 59 61 74 75
815 42 42 12 14
816 36 36 43 45
817 46 47 31 33
818 34 34 84 84
819 16 17 32 34
820 78 78 55 57
821 62 62 19 19
822 86 87 67 67
823 53 55 55 56
824 79 79 41 43
825 71 72 87 88
826 27 28 29 31
827 41 42 51 51
828 35 36 20 20
829 32 32 22 23
830 23 25 80 81
831 37 37 5 6
832 33 33 92 94
833 95 95 58 58
834 38 39 1 3
835 96 96 35 36
836 27 27 54 55
837 91 91 60 61
838 92 93 46 46
839 27 29 1 3
840 90 90 43 43
841 69 71 69 71
842 94 94 15 15
843 72 73 30 31
844 94 94 77 79
845 14 14 19 19
846 18 18 17 18
847 10 11 42 42
848 96 98 90 91
849 37 37 68 70
850 17 17 20 21
851 31 31 98 99
852 65 65 44 45
853 96 96 60 61
854 45 45 81 83
855 97 98 84 86
856 79 79 49 51
857 66 67 50 52
858 92 92 98 99
859 19 21 54 56
860 44 44 48 48
861 70 70 41 43
862 46 47 28 30
863 33 34 50 52
864 71 72 40 41
865 22 23 52 53
866 25 25 87 89
867 27 28 4 4
868 22 23 56 56
869 82 82 14 14
870 35 35 9 11
871 98 98 68 70
872 90 90 82 84
873 7 7 9 10
874 92 92 43 44
875 49 49 79 80
876 18 19 19 20
877 18 18 12 12
878 95 95 23 25
879 45 45 51 52
880 80 80 56 57
881 35 37 81 82
882 74 75 20 20
883 17 17 61 63
884 40 40 36 38
885 15 17 19 19
886 79 80 4 6
887 54 54 1 3
888 16 16 50 50
889 18 18 3 4
890 5 6 2 2
891 6 6 17 17
892 30 30 61 62
893 82 84 25 27
894 70 70 12 12
895 97 98 12 13
896 42 42 7 9
897 35 35 68 68
898 74 74 96 96
899 20 21 13 15
900 38 39 65 65
901 34 35 69 69
902 66 67 57 58
903 30 30 6 6
904 7 7 63 65
905 19 19 72 74
906 51 52 88 88
907 5 6 93 94
908 12 12 24 26
909 67 67 25 25
910 32 33 98 98
911 61 61 58 59
912 77 77 70 71
913 50 51 13 15
914 19 19 16 16
915 3 3 55 55
916 96 96 71 71
917 47 47 18 19
918 7 7 47 49
919 89 91 69 69
920 5 5 80 80
921 80 80 62 63
922 74 74 97 97
923 7 9 89 91
924 10 12 80 82
925 6 6 61 62
926 48 48 38 39
927 99 99 92 92
928 73 74 24 26
929 8 8 14 14
930 42 42 5 6
931 41 41 94 95
932 37 38 44 46
933 2 3 37 38
934 54 55 54 54
935 20 20 7 8
936 1 3 0 2
937 65 65 88 88
938 48 49 81 81
939 29 29 62 62
940 0 0 77 77
941 50 50 94 94
942 4 5 25 26
943 43 45 42 43
944 47 47 70 71
945 37 38 96 98
946 88 90 65 65
947 57 57 94 94
948 65 66 17 18
949 66 66 19 19
950 8 10 16 17
951 37 37 59 59
952 23 25 20 20
953 83 85 34 35
954 13 13 98 98
955 84 85 41 42
956 1 2 77 79
957 79 79 77 78
958 80 80 66 67
959 54 55 71 73
960 48 48 32 32
961 39 40 17 18
962 80 80 34 34
963 89 89 0 2
964 4 5 46 48
965 72 72 19 20
966 38 39 85 87
967 27 27 80 82
968 40 42 70 72
969 17 17 70 70
970 79 79 46 48
971 91 91 30 31
972 42 42 29 31
973 54 54 8 10
974 32 32 66 66
975 21 21 44 46
976 83 84 95 96
977 60 60 89 90
978 0 0 18 19
979 61 61 92 93
980 93 93 78 80
981 34 35 19 19
982 65 65 56 56
983 65 65 19 21
984 80 80 64 65
985 35 35 95 95
986 66 67 88 89
987 94 96 49 50
988 62 64 31 31
989 24 25 21 22
990 43 44 25 26
991 37 38 75 77
992 38 38 81 83
993 90 90 16 17
994 65 65 89 91
995 21 23 2 4
996 11 11 5 6
997 43 43 51 53
998 9 9 52 52
999 73 73 40 42
1000 65 65 46 47
1001 32 33 74 74
1002 37 37 31 31
1003 4 5 65 66
1004 68 68 82 83
1005 84 86 69 71
1006 20 20 21 21
1007 40 42 75 77
1008 86 86 77 78
1009 40 42 63 64
1010 87 87 23 23
1011 19 20 45 45
1012 39 40 33 35
1013 64 66 80 81
1014 57 57 87 88
1015 9 9 85 85
1016 61 62 88 88
1017 15 16 14 14
1018 8 8 81 82
1019 97 98 35 36
1020 79 79 16 17
1021 75 75 83 83
1022 92 94 45 45
1023 85 85 50 51
1024 46 48 89 90
1025 9 10 22 23
1026 79 81 84 84
1027 70 71 75 76
1028 62 64 29 30
1029 55 55 58 58
1030 67 68 5 6
1031 52 52 31 33
1032 1 1 4 6
1033 67 69 26 26
1034 62 62 73 73
1035 38 38 16 18
1036 19 19 7 9
1037 3 3 3 5
1038 53 54 86 88
1039 60 60 13 15
1040 97 97 7 8
1041 3 3 72 72
1042 64 64 45 46
1043 38 38 47 49
1044 51 51 19 21
1045 41 41 99 99
1046 59 60 38 39
1047 96 97 87 87
1048 31 31 94 94
1049 0 0 89 89
1050 29 30 14 15
1051 15 15 68 69
1052 94 95 89 91
1053 37 39 22 24
1054 53 53 39 39
1055 40 40 94 94
1056 67 68 0 1
1057 64 64 6 7
1058 77 77 36 36
1059 25 26 5 6
1060 45 45 47 49
1061 30 30 76 77
1062 4 4 53 55
1063 26 27 7 7
1064 80 81 46 48
1065 28 29 21 22
1066 75 75 51 52
1067 76 76 20 22
1068 31 31 8 8
1069 63 64 91 92
1070 1 2 56 56
1071 40 40 49 51
1072 77 79 11 12
1073 36 36 91 92
1074 78 78 15 17
1075 67 67 61 61
1076 2 2 39 41
1077 49 49 9 10
1078 31 31 88 88
1079 8 8 4 6
1080 59 60 58 59
1081 79 80 30 31
1082 13 13 33 35
1083 40 40 67 69
1084 2 2 83 84
1085 82 82 60 62
1086 37 37 19 20
1087 48 49 54 54
1088 68 70 24 25
1089 76 76 62 63
1090 91 91 41 43
1091 0 1 75 76
1092 71 71 50 52
1093 52 52 76 76
1094 1 1 47 47
1095 91 91 92 94
1096 68 68 91 93
1097 4 5 1 1
1098 23 23 39 40
1099 70 71 77 77
1100 8 8 77 77
1101 80 81 40 42
1102 14 15 23 25
1103 86 86 34 34
1104 9 11 41 41
1105 26 28 53 53
1106 32 32 82 83
1107 40 42 73 74
1108 75 76 26 26
1109 33 33 75 76
1110 62 63 34 36
1111 6 6 41 42
1112 39 41 8 9
1113 24 26 3 4
1114 96 96 44 45
1115 67 67 64 65
1116 43 45 91 92
1117 37 37 38 39
1118 97 98 97 97
1119 3 3 32 33
1120 65 66 10 11
1121 43 44 97 98
1122 48 49 11 11
1123 29 29 51 52
1124 37 37 48 50
1125 65 65 50 50
1126 20 20 0 2
1127 80 80 43 45
1128 97 97 53 55
1129 69 71 54 56
1130 17 17 46 48
1131 78 78 72 73
1132 69 70 50 50
1133 76 76 48 49
1134 92 93 57 57
1135 18 19 50 52
1136 60 61 26 28
1137 39 39 82 84
1138 70 70 15 17
1139 32 32 18 18
1140 88 88 88 89
1141 97 97 45 45
1142 92 93 86 86
1143 84 84 56 57
1144 60 61 67 68
1145 72 73 53 54
1146 46 47 13 15
1147 72 73 81 82
1148 92 92 31 33
1149 81 82 67 67
1150 0 0 13 14
1151 50 50 23 25
1152 21 21 68 70
1153 3 3 47 49
1154 97 97 52 52
1155 66 66 45 45
1156 22 24 15 15
1157 21 22 34 36
1158 12 14 43 44
1159 99 99 7 8
1160 60 61 32 32
1161 77 78 39 41
1162 97 99 94 95
1163 93 95 26 28
1164 30 30 72 72
1165 99 99 89 89
1166 15 15 40 40
1167 81 82 6 7
1168 30 31 51 53
1169 62 64 17 17
1170 81 83 21 22
1171 7 7 55 56
1172 43 45 72 73
1173 47 47 55 56
1174 70 72 8 10
1175 32 32 32 33
1176 20 21 43 43
1177 73 73 19 21
1178 21 21 5 7
1179 1 1 9 11
1180 98 98 30 31
1181 33 34 64 66
1182 78 79 91 93
1183 92 92 40 42
1184 33 34 45 46
1185 12 13 48 49
1186 46 47 27 27
1187 33 33 6 8
1188 95 97 18 20
1189 8 9 70 72
1190 3 4 79 80
1191 6 6 28 28
1192 27 27 25 25
1193 81 81 94 94
1194 0 0 64 64
1195 80 80 83 83
1196 3 5 43 45
1197 87 87 58 60
1198 2 2 89 90
1199 57 57 61 63
1200 20 20 66 67
1201 93 94 63 64
1202 49 49 51 53
1203 52 52 17 17
1204 75 75 80 80
1205 65 66 94 96
1206 83 83 32 33
1207 85 85 19 20
1208 62 64 28 28
1209 14 15 26 28
1210 30 30 1 1
1211 99 99 54 54
1212 47 47 64 66
1213 47 47 4 4
1214 98 99 37 39
1215 54 55 51 52
1216 11 12 73 73
1217 39 39 6 6
1218 47 48 43 43
1219 15 16 66 67
1220 47 48 5 5
1221 22 22 62 64
1222 13 15 70 72
1223 59 61 18 18
1224 35 36 30 32
1225 50 52 0 0
1226 88 88 29 29
1227 5 5 12 14
1228 49 49 58 58
1229 21 21 78 79
1230 88 88 25 26
1231 96 97 0 0
1232 38 38 28 29
1233 23 23 63 63
1234 86 86 39 39
1235 40 41 3 5
1236 43 44 7 9
1237 64 64 32 34
1238 30 30 7 9
1239 44 44 35 35
1240 80 80 19 19
1241 57 57 50 52
1242 11 11 10 12
1243 27 27 43 45
1244 65 67 15 15
1245 19 19 94 96
1246 26 26 46 46
1247 41 43 46 47
1248 53 54 44 46
1249 39 39 44 45
1250 89 89 55 55
1251 82 82 87 88
1252 34 34 8 9
1253 37 39 64 64
1254 91 91 89 91
1255 67 69 42 44
1256 99 99 69 70
1257 59 61 46 48
1258 25 25 37 39
1259 14 14 97 98
1260 63 63 80 82
1261 72 73 5 6
1262 68 68 67 69
1263 55 55 23 25
1264 34 34 74 75
1265 68 68 18 18
1266 19 19 15 15
1267 68 69 16 17
1268 70 72 64 64
1269 53 53 65 66
1270 14 14 96 96
1271 66 67 82 83
1272 41 41 40 42
1273 17 17 22 22
1274 3 3 8 10
1275 25 25 91 92
1276 62 62 79 81
1277 54 56 48 50
1278 33 33 3 3
1279 19 20 69 71
1280 91 91 24 25
1281 95 97 63 65
1282 78 80 27 28
1283 82 84 58 59
1284 91 92 51 52
1285 54 54 13 15
1286 87 87 42 42
1287 17 17 12 13
1288 53 53 32 33
1289 18 18 62 64
1290 13 14 36 38
1291 91 91 13 15
1292 13 14 73 75
1293 64 64 4 5
1294 95 95 14 16
1295 71 73 11 12
1296 4 4 27 28
1297 32 34 16 16
1298 25 25 73 73
1299 88 88 62 62
1300 47 47 60 60
1301 7 8 60 62
1302 2 2 8 9
1303 11 12 2 4
1304 77 78 52 54
1305 72 72 56 57
1306 42 42 37 37
1307 88 88 12 13
1308 81 82 39 39
1309 40 42 83 85
1310 28 28 78 79
1311 16 17 26 28
1312 58 58 52 52
1313 92 94 93 93
1314 73 73 35 35
1315 27 27 83 83
1316 9 10 99 99
1317 95 95 36 36
1318 63 64 50 51
1319 61 61 54 54
1320 0 0 98 98
1321 18 19 13 14
1322 25 26 54 55
1323 89 89 56 58
1324 7 8 94 95
1325 79 79 66 68
1326 97 97 58 58
1327 10 10 18 19
1328 25 26 60 60
1329 6 7 78 80
1330 54 56 62 64
1331 19 20 63 63
1332 7 7 82 82
1333 31 31 66 66
1334 99 99 10 10
1335 85 85 0 1
1336 13 15 81 82
1337 83 83 11 13
1338 58 58 93 94
1339 74 74 69 69
1340 70 70 78 80
1341 26 26 19 19
1342 0 0 15 17
1343 75 76 70 71
1344 38 40 13 14
1345 30 31 36 36
1346 9 10 27 27
1347 24 24 37 38
1348 72 74 83 83
1349 22 22 6 6
1350 3 3 24 24
1351 86 88 87 87
1352 11 13 65 65
1353 90 90 76 77
1354 3 3 50 50
1355 79 79 13 15
1356 35 35 89 91
1357 42 42 87 89
1358 49 50 89 90
1359 31 31 10 11
1360 74 74 4 4
1361 54 55 68 70
1362 47 47 49 51
1363 22 24 54 55
1364 22 22 95 96
1365 20 21 60 60
1366 57 57 57 58
1367 5 5 11 11
1368 21 21 29 29
1369 15 15 58 58
1370 84 84 15 17
1371 72 74 79 80
1372 90 90 54 54
1373 72 74 76 76
1374 67 67 45 46
1375 82 82 33 34
1376 67 67 69 69
1377 27 27 42 42
1378 0 2 91 91
1379 19 19 98 98
1380 10 10 89 90
1381 82 84 3 5
1382 87 88 24 24
1383 96 97 10 11
1384 1 3 20 21
1385 95 96 54 54
1386 50 50 91 93
1387 32 32 3 4
1388 69 71 65 65
1389 86 87 99 99
1390 81 81 62 62
1391 72 72 84 84
1392 36 36 68 70
1393 30 30 54 55
1394 27 27 32 34
1395 60 60 66 66
1396 76 77 97 99
1397 81 82 97 99
1398 7 7 66 68
1399 20 20 72 72
1400 37 37 11 13
1401 63 64 47 47
1402 6 8 23 24
1403 33 34 25 27
1404 60 60 73 73
1405 92 93 75 77
1406 44 44 49 51
1407 75 75 90 90
1408 12 12 94 94
1409 40 41 93 93
1410 23 23 95 97
1411 19 19 53 53
1412 33 33 63 63
1413 10 10 24 26
1414 18 18 40 41
1415 74 74 94 95
1416 12 14 16 16
1417 29 29 31 32
1418 60 60 94 94
1419 0 0 60 62
1420 61 61 99 99
1421 98 99 77 78
1422 46 46 7 8
1423 36 38 94 94
1424 86 86 44 44
1425 38 40 39 41
1426 70 70 29 31
1427 23 23 38 38
1428 83 84 31 31
1429 77 77 83 85
1430 1 2 66 68
1431 12 13 39 39
1432 54 56 59 61
1433 69 69 36 36
1434 33 33 86 87
1435 14 14 94 94
1436 38 39 61 62
1437 16 16 41 41
1438 53 53 91 93
1439 57 59 32 32
1440 0 0 49 51
1441 78 79 18 18
1442 64 64 72 73
1443 18 18 9 11
1444 89 89 34 36
1445 45 45 26 28
1446 74 75 19 19
1447 95 96 79 80
1448 29 29 77 78
1449 31 31 70 72
1450 21 22 80 81
1451 11 11 44 45
1452 78 78 50 51
1453 77 77 51 51
1454 46 46 40 42
1455 26 26 16 18
1456 70 70 2 2
1457 81 81 4 4
1458 84 85 91 91
1459 49 49 15 15
1460 42 42 98 99
1461 98 98 0 1
1462 29 29 47 47
1463 49 49 14 14
1464 62 63 54 56
1465 26 28 65 65
1466 38 39 50 52
1467 2 3 17 19
1468 22 23 43 45
1469 60 60 64 65
1470 9 9 57 58
1471 21 21 76 77
1472 26 26 8 9
1473 57 57 98 98
1474 73 74 62 63
1475 43 45 44 45
1476 56 57 23 23
1477 58 58 56 58
1478 35 35 6 8
1479 62 62 3 5
1480 0 0 21 22
1481 15 16 61 62
1482 4 4 7 9
1483 55 57 45 47
1484 67 67 39 40
1485 39 39 7 7
1486 82 84 47 47
1487 35 35 39 41
1488 91 91 80 82
1489 34 34 63 63
1490 74 76 30 32
1491 25 25 10 12
1492 0 1 82 84
1493 31 31 4 6
1494 6 6 48 48
1495 22 22 47 49
1496 60 61 78 78
1497 28 28 88 89
1498 35 36 96 98
1499 74 74 99 99
1500 23 24 9 9
1501 30 31 73 75
1502 5 5 0 0
1503 23 23 46 47
1504 77 77 88 89
1505 3 4 29 31
1506 90 90 66 68
1507 91 91 10 11
1508 42 42 78 79
1509 16 16 54 55
1510 43 45 57 59
1511 93 94 29 31
1512 29 29 67 69
1513 60 61 84 86
1514 97 98 98 99
1515 45 47 11 12
1516 0 0 11 12
1517 33 33 9 11
1518 58 58 47 47
1519 27 27 78 79
1520 49 49 36 38
1521 72 72 91 93
1522 51 53 59 60
1523 36 36 63 65
1524 83 83 87 87
1525 22 22 24 26
1526 27 28 95 96
1527 55 55 88 89
1528 13 15 0 0
1529 25 25 58 59
1530 92 93 91 92
1531 30 31 48 50
1532 20 20 11 12
1533 41 42 0 2
1534 91 92 53 54
1535 55 55 91 93
1536 54 54 19 21
1537 35 36 77 77
1538 75 77 24 25
1539 80 82 96 96
1540 68 68 98 99
1541 74 74 72 74
1542 12 13 41 42
1543 19 20 23 25
1544 90 90 11 11
1545 86 86 33 33
1546 17 17 94 94
1547 17 17 40 40
1548 54 54 22 24
1549 71 72 23 23
1550 48 49 91 91
1551 31 31 57 58
1552 22 22 14 14
1553 73 74 16 18
1554 87 89 70 72
1555 1 2 71 71
1556 37 37 35 37
1557 7 9 31 33
1558 92 92 14 15
1559 73 74 7 7
1560 6 6 43 44
1561 43 43 37 37
1562 27 29 28 28
1563 57 58 2 4
1564 43 44 10 12
1565 12 12 92 93
1566 24 25 79 79
1567 75 75 78 78
1568 93 94 3 3
1569 88 89 6 6
1570 76 76 0 0
1571 13 13 86 87
1572 52 52 20 22
1573 28 28 54 55
1574 35 35 86 88
1575 76 76 80 82
1576 50 50 47 49
1577 40 42 52 54
1578 26 26 89 91
1579 24 24 58 59
1580 86 88 35 35
1581 86 86 62 63
1582 79 79 9 10
1583 52 52 64 64
1584 0 0 65 67
1585 95 95 74 74
1586 80 80 38 39
1587 85 85 63 64
1588 43 44 56 56
1589 10 12 34 34
1590 41 41 20 21
1591 27 29 26 27
1592 7 7 71 71
1593 81 81 26 28
1594 37 37 57 58
1595 28 29 18 20
1596 18 18 66 68
1597 0 0 10 10
1598 7 7 44 46
1599 59 60 99 99
1600 31 33 77 78
1601 69 69 28 29
1602 77 79 0 1
1603 34 34 6 7
1604 21 21 10 12
1605 86 86 72 72
1606 78 78 47 49
1607 26 26 81 81
1608 95 96 17 17
1609 12 12 97 99
1610 93 94 36 38
1611 66 66 4 6
1612 69 71 47 48
1613 48 48 62 64
1614 16 16 4 6
1615 93 93 33 35
1616 24 25 7 8
1617 22 22 32 33
1618 0 0 56 57
1619 60 60 21 23
1620 30 30 44 46
1621 64 64 54 54
1622 44 45 0 2
1623 8 10 7 7
1624 88 90 3 4
1625 86 88 84 86
1626 73 74 92 93
1627 9 9 34 36
1628 51 52 91 93
1629 54 56 32 32
1630 86 86 40 41
1631 33 35 17 18
1632 22 22 46 46
1633 7 7 17 17
1634 80 80 98 99
1635 13 14 88 90
1636 21 21 8 9
1637 32 33 28 28
1638 75 77 42 42
1639 12 13 62 63
1640 84 86 74 76
1641 85 85 31 33
1642 51 52 34 36
1643 90 91 12 12
1644 77 78 3 4
1645 3 5 73 74
1646 46 46 91 92
1647 36 36 40 42
1648 82 82 94 94
1649 82 82 13 13
1650 56 56 44 44
1651 98 99 11 11
1652 14 14 31 31
1653 15 17 59 60
1654 52 54 5 5
1655 21 22 75 75
1656 63 64 8 10
1657 22 22 22 23
1658 61 61 35 35
1659 59 59 95 96
1660 2 2 4 5
1661 56 56 97 99
1662 51 52 57 58
1663 6 7 83 85
1664 36 36 37 39
1665 46 46 43 45
1666 23 24 12 12
1667 49 49 47 48
1668 60 60 2 2
1669 22 22 11 13
1670 44 44 47 47
1671 87 87 91 93
1672 80 80 72 72
1673 48 50 19 20
1674 99 99 55 56
1675 92 93 47 49
1676 43 44 32 34
1677 79 79 52 52
1678 35 35 44 44
1679 65 65 83 84
1680 76 77 15 15
1681 18 18 8 8
1682 91 91 22 23
1683 16 18 97 97
1684 98 98 46 46
1685 27 27 84 86
1686 30 32 40 41
1687 92 93 20 22
1688 77 78 58 60
1689 54 54 92 93
1690 27 27 16 18
1691 16 16 56 56
1692 88 89 66 66
1693 16 16 35 37
1694 18 18 69 71
1695 79 79 53 54
1696 12 14 47 47
1697 6 6 82 82
1698 15 15 90 92
1699 9 10 49 51
1700 96 97 29 31
1701 55 57 8 8
1702 75 75 95 97
1703 57 58 73 74
1704 7 7 75 77
1705 11 11 50 52
1706 15 15 41 42
1707 36 36 25 27
1708 78 79 69 71
1709 4 4 40 41
1710 76 76 43 44
1711 4 5 36 37
1712 52 52 1 2
1713 85 86 12 13
1714 37 37 21 21
1715 78 79 23 23
1716 3 3 71 71
1717 34 35 5 5
1718 34 34 11 13
1719 62 64 48 48
1720 36 36 46 48
1721 57 57 29 29
1722 9 10 95 96
1723 2 3 46 46
1724 23 23 71 72
1725 99 99 13 14
1726 74 75 85 86
1727 82 82 28 28
1728 91 92 2 3
1729 99 99 46 48
1730 29 29 23 23
1731 25 25 15 17
1732 32 32 26 27
1733 19 19 3 5
1734 49 50 41 43
1735 40 41 6 7
1736 59 61 70 70
1737 67 67 27 29
1738 42 42 81 82
1739 16 16 87 87
1740 37 37 32 34
1741 90 90 34 36
1742 29 29 79 81
1743 16 16 65 65
1744 87 89 43 45
1745 0 2 54 55
1746 32 32 86 88
1747 36 36 14 16
1748 42 44 60 61
1749 21 22 20 21
1750 22 22 76 77
1751 30 30 20 21
1752 87 87 0 0
1753 6 6 34 34
1754 86 88 48 50
1755 90 90 5 6
1756 76 76 57 58
1757 0 0 78 78
1758 81 81 5 5
1759 40 40 24 25
1760 91 92 0 0
1761 89 89 16 18
1762 86 86 93 93
1763 59 59 81 81
1764 32 32 51 52
1765 81 81 8 9
1766 99 99 68 68
1767 19 19 21 22
1768 77 77 30 32
1769 87 89 90 90
1770 53 53 28 30
1771 20 20 76 77
1772 7 7 41 43
1773 80 81 49 49
1774 11 12 75 77
1775 87 87 57 57
1776 99 99 0 1
1777 15 17 73 75
1778 41 41 55 56
1779 98 99 75 75
1780 56 57 17 19
1781 22 23 92 92
1782 88 89 67 68
1783 33 33 12 12
1784 35 35 64 65
1785 81 83 37 38
1786 9 11 39 39
1787 39 41 78 79
1788 90 91 78 78
1789 8 9 42 43
1790 95 97 75 75
1791 26 26 75 75
1792 68 68 45 47
1793 48 48 53 53
1794 6 6 76 77
1795 90 91 26 28
1796 77 77 26 27
1797 68 69 11 12
1798 59 59 71 73
1799 50 50 81 82
1800 97 97 59 61
1801 57 58 26 27
1802 41 42 15 15
1803 25 26 93 95
1804 69 69 13 13
1805 18 20 34 36
1806 10 10 52 52
1807 59 61 49 50
1808 25 26 36 36
1809 61 61 66 66
1810 91 91 62 62
1811 23 23 10 10
1812 27 27 8 8
1813 78 79 36 38
1814 57 57 64 65
1815 68 68 33 33
1816 5 6 55 57
1817 92 92 79 79
1818 86 88 81 83
1819 64 66 0 1
1820 8 8 65 67
1821 89 89 85 86
1822 89 89 10 12
1823 3 4 42 42
1824 73 73 87 87
1825 64 64 58 58
1826 15 15 43 44
1827 77 79 20 22
1828 75 77 16 18
1829 71 71 20 20
1830 53 55 12 12
1831 99 99 18 20
1832 68 68 19 20
1833 46 48 74 74
1834 30 31 28 29
1835 82 84 50 50
1836 30 31 67 69
1837 55 55 16 16
1838 17 18 83 85
1839 64 64 55 56
1840 54 54 89 91
1841 82 83 79 81
1842 92 92 64 66
1843 36 37 99 99
1844 48 48 70 70
1845 79 79 85 86
1846 57 58 37 37
1847 23 23 35 37
1848 85 85 46 47
1849 39 39 69 71
1850 52 52 61 63
1851 0 2 31 33
1852 62 63 32 33
1853 69 71 53 53
1854 23 23 11 11
1855 72 72 32 34
1856 20 21 16 17
1857 18 19 29 29
1858 50 51 1 3
1859 19 21 88 89
1860 51 51 69 70
1861 19 19 82 82
1862 2 2 47 47
1863 77 77 45 45
1864 15 15 36 38
1865 29 30 65 66
1866 66 68 70 70
1867 68 70 51 52
1868 69 69 14 15
1869 12 13 59 61
1870 64 64 84 84
1871 35 35 12 13
1872 68 70 23 23
1873 35 35 36 36
1874 87 87 94 95
1875 90 90 49 49
1876 84 84 80 82
1877 84 84 45 46
1878 61 62 87 87
1879 39 40 95 97
1880 9 10 53 54
1881 52 52 73 75
1882 90 90 23 25
1883 31 31 1 1
1884 13 13 26 27
1885 67 67 95 96
1886 4 6 70 72
1887 86 88 96 98
1888 38 38 99 99
1889 48 48 3 3
1890 94 95 99 99
1891 35 37 66 67
1892 38 38 30 31
1893 54 54 36 37
1894 50 50 98 98
1895 36 36 17 19
1896 86 88 73 73
1897 98 98 44 45
1898 34 34 60 62
1899 99 99 84 85
1900 56 56 34 35
1901 97 97 42 44
1902 34 34 91 92
1903 3 3 66 68
1904 90 90 20 22
1905 57 57 89 90
1906 45 45 53 55
1907 11 11 49 49
1908 90 90 45 47
1909 65 66 30 32
1910 11 13 56 58
1911 86 86 19 21
1912 93 93 58 59
1913 81 81 33 34
1914 54 54 47 47
1915 58 58 22 23
1916 29 29 53 54
1917 81 82 95 95
1918 4 5 17 19
1919 96 96 1 2
1920 63 65 23 23
1921 89 89 84 84
1922 26 27 37 38
1923 67 67 18 19
1924 72 73 38 39
1925 90 90 30 31
1926 1 1 18 19
1927 67 67 79 81
1928 78 79 87 88
1929 54 56 81 82
1930 38 39 53 53
1931 57 58 48 49
1932 0 0 1 2
1933 77 78 2 2
1934 62 63 68 68
1935 95 95 44 45
1936 1 3 98 99
1937 86 86 94 95
1938 92 92 78 78
1939 62 62 84 84
1940 26 28 47 47
1941 21 21 71 73
1942 24 24 91 92
1943 65 65 5 6
1944 29 30 63 64
1945 26 26 79 80
1946 9 9 19 20
1947 98 98 48 50
1948 10 10 58 59
1949 56 57 11 13
1950 50 50 29 30
1951 28 28 40 42
1952 39 39 93 94
1953 97 97 49 49
1954 0 1 52 52
1955 79 79 44 45
1956 7 7 81 81
1957 86 87 79 80
1958 75 77 72 74
1959 1 1 16 17
1960 41 41 61 61
1961 52 52 3 4
1962 71 71 82 84
1963 48 48 60 61
1964 8 8 12 13
1965 31 31 61 61
1966 37 37 28 30
1967 94 95 33 35
1968 15 16 79 79
1969 30 31 30 32
1970 50 52 8 10
1971 92 92 11 13
1972 67 67 97 99
1973 87 88 74 76
1974 26 27 22 23
1975 45 46 77 77
1976 13 15 99 99
1977 27 28 46 46
1978 89 89 5 5
1979 94 94 16 18
1980 73 73 3 4
1981 12 14 5 7
1982 40 41 90 90
1983 16 16 42 43
1984 75 75 29 29
1985 66 66 67 69
1986 70 70 91 93
1987 28 28 39 39
1988 0 0 90 90
1989 80 82 89 91
1990 43 43 4 6
1991 73 75 50 50
1992 22 24 27 29
1993 62 62 46 47
1994 39 39 80 81
1995 54 56 94 96
1996 28 28 12 12
1997 87 87 40 41
1998 8 8 48 50
1999 51 51 40 42
2000 51 51 66 67
2001 89 91 63 64
2002 88 89 21 21
2003 38 39 56 57
2004 63 63 5 7
2005 38 38 21 21
2006 4 4 5 5
2007 49 49 62 64
2008 12 13 11 13
2009 34 34 20 22
2010 61 62 82 83
2011 37 37 62 62
2012 77 77 37 38
2013 32 33 67 69
2014 88 89 91 92
2015 53 54 74 76
2016 35 36 21 23
2017 68 68 15 15
2018 74 74 37 39
2019 29 29 29 30
2020 6 7 14 16
2021 33 33 19 20
2022 11 12 74 74
2023 17 18 5 7
2024 21 21 98 99
2025 53 53 34 35
2026 16 16 0 0
2027 58 58 55 55
2028 68 68 27 29
2029 92 92 38 39
2030 38 39 42 42
2031 24 24 51 53
2032 34 34 88 90
2033 38 38 54 54
2034 52 53 77 79
2035 36 36 12 13
2036 10 12 29 29
2037 29 29 39 40
2038 94 94 65 65
2039 75 75 65 67
2040 0 0 34 36
2041 39 39 66 68
2042 37 37 89 91
2043 78 78 29 31
2044 93 95 84 84
2045 68 68 86 88
2046 47 47 95 97
2047 77 77 86 87
2048 71 71 43 43
2049 81 83 76 78
2050 19 20 85 87
2051 20 20 96 98
2052 6 6 88 90
2053 15 15 57 57
2054 38 38 4 6
2055 8 8 51 53
2056 49 49 39 40
2057 5 5 84 84
2058 23 23 21 22
2059 57 57 30 31
2060 64 66 63 65
2061 69 69 41 41
2062 30 31 85 87
2063 40 40 61 62
2064 56 58 41 41
2065 41 43 68 69
2066 30 30 97 99
2067 97 97 56 57
2068 76 76 36 37
2069 42 44 65 67
2070 53 53 95 96
2071 10 10 83 83
2072 25 25 74 75
2073 68 68 77 79
2074 96 96 84 84
2075 1 1 12 12
2076 85 86 38 38
2077 97 99 2 4
2078 88 90 80 80
2079 17 17 95 96
2080 28 28 32 33
2081 7 7 6 8
2082 33 34 47 49
2083 91 91 44 46
2084 21 21 62 63
2085 26 26 85 87
2086 4 4 89 91
2087 1 1 57 59
2088 87 88 69 69
2089 32 33 13 15
2090 50 51 78 80
2091 32 32 48 50
2092 60 61 19 20
2093 32 32 5 6
2094 50 51 71 71
2095 33 34 31 33
2096 30 30 81 81
2097 19 19 17 18
2098 14 14 39 39
2099 97 98 27 28
2100 25 25 99 99
2101 59 61 76 77
2102 52 53 6 6
2103 81 81 23 24
2104 34 34 3 3
2105 60 61 17 17
2106 83 83 63 63
2107 35 35 45 47
2108 14 16 46 46
2109 73 73 23 23
2110 79 79 64 65
2111 55 56 57 57
2112 74 74 21 23
2113 59 59 85 87
2114 16 17 17 18
2115 52 52 94 96
2116 43 43 93 93
2117 98 99 33 34
2118 90 90 44 44
2119 17 17 52 54
2120 28 28 90 92
2121 23 24 82 84
2122 39 39 48 49
2123 53 53 61 62
2124 7 7 54 54
2125 91 91 47 48
2126 2 2 10 10
2127 10 11 67 69
2128 69 69 79 79
2129 56 56 68 68
2130 84 85 92 93
2131 73 75 43 44
2132 60 62 51 53
2133 90 90 90 90
2134 67 69 75 75
2135 31 31 93 93
2136 13 15 4 4
2137 61 61 34 34
2138 31 31 76 76
2139 23 24 23 24
2140 73 73 22 22
2141 21 21 65 67
2142 4 4 99 99
2143 47 48 40 42
2144 65 66 28 29
2145 70 70 60 60
2146 59 60 40 40
2147 51 51 87 87
2148 67 67 66 68
2149 38 39 90 92
2150 82 83 56 57
2151 50 51 77 77
2152 69 70 84 86
2153 43 43 81 83
2154 91 92 55 56
2155 36 36 9 11
2156 38 38 84 84
2157 45 45 97 98
2158 80 80 22 23
2159 0 0 44 46
2160 44 44 68 69
2161 46 47 26 26
2162 84 85 72 73
2163 63 63 69 69
2164 68 68 71 73
2165 33 33 82 83
2166 36 36 49 50
2167 22 23 78 79
2168 98 98 17 19
2169 65 65 4 4
2170 25 26 28 30
2171 68 70 21 22
2172 12 12 37 38
2173 84 85 83 84
2174 6 7 18 18
2175 10 11 78 79
2176 88 89 79 79
2177 64 66 59 59
2178 35 35 78 80
2179 80 82 92 92
2180 81 81 80 82
2181 32 33 89 91
2182 93 95 69 71
2183 26 26 73 74
2184 37 37 83 85
2185 73 75 45 46
2186 30 31 0 0
2187 54 56 27 27
2188 47 47 83 84
2189 39 40 19 21
2190 70 70 32 33
2191 41 42 43 44
2192 75 75 35 37
2193 2 2 26 26
2194 65 65 42 43
2195 26 28 69 71
2196 3 3 53 53
2197 70 71 46 46
2198 54 54 79 80
2199 54 54 18 18
2200 76 76 59 60
2201 62 63 20 22
2202 9 9 62 62
2203 99 99 41 43
2204 2 4 11 13
2205 55 56 42 43
2206 82 82 8 10
2207 1 2 48 50
2208 48 48 55 57
2209 39 39 74 75
2210 92 92 37 37
2211 38 39 88 88
2212 67 68 62 63
2213 15 17 8 10
2214 79 79 72 73
2215 46 47 52 53
2216 63 64 15 16
2217 8 10 15 15
2218 12 12 30 30
2219 96 96 72 74
2220 92 92 34 36
2221 52 52 65 66
2222 37 37 16 16
2223 83 83 91 91
2224 66 67 90 91
2225 82 83 46 46
2226 54 54 26 26
2227 32 33 84 85
2228 0 2 85 87
2229 42 43 19 21
2230 62 62 14 15
2231 7 7 13 13
2232 48 48 28 28
2233 19 19 10 12
2234 62 62 92 92
2235 45 46 19 21
2236 22 22 9 10
2237 91 93 16 16
2238 24 24 0 2
2239 30 30 3 5
2240 85 86 59 59
2241 68 69 10 10
2242 99 99 30 32
2243 71 71 59 61
2244 71 73 66 68
2245 71 73 85 85
2246 34 34 76 77
2247 17 18 45 45
2248 94 94 24 25
2249 99 99 66 66
2250 24 25 67 69
2251 26 26 64 64
2252 2 3 34 36
2253 63 64 18 19
2254 15 16 52 53
2255 65 66 2 3
2256 29 31 33 35
2257 21 22 74 74
2258 62 63 39 40
2259 18 18 21 23
2260 46 47 37 39
2261 44 44 20 21
2262 25 25 52 53
2263 40 41 58 60
2264 12 12 31 33
2265 57 57 53 55
2266 50 52 55 56
2267 9 10 12 14
2268 17 17 64 66
2269 61 63 0 2
2270 9 10 5 6
2271 66 66 40 42
2272 68 68 95 97
2273 0 0 95 97
2274 90 91 29 29
2275 34 35 99 99
2276 84 84 44 44
2277 50 50 21 21
2278 94 94 96 98
2279 8 10 73 73
2280 64 64 69 69
2281 24 24 70 71
2282 41 43 27 28
2283 32 33 53 55
2284 35 35 37 37
2285 83 85 6 8
2286 63 63 52 53
2287 35 35 16 16
2288 40 40 55 56
2289 74 75 0 1
2290 53 53 31 31
2291 18 18 91 91
2292 24 24 97 99
2293 63 64 89 90
2294 45 45 32 34
2295 3 3 51 51
2296 76 76 95 95
2297 40 41 86 88
2298 5 5 82 83
2299 96 97 47 48
2300 99 99 87 88
2301 92 94 94 94
2302 92 92 80 81
2303 59 59 7 7
2304 44 44 5 5
2305 98 98 22 24
2306 51 51 96 98
2307 84 84 43 43
2308 88 88 27 28
2309 19 20 6 6
2310 98 98 20 21
2311 44 44 27 29
2312 69 69 45 46
2313 18 19 26 28
2314 42 43 48 50
2315 49 49 30 32
2316 89 89 24 25
2317 55 55 18 19
2318 96 96 51 53
2319 71 71 24 26
2320 2 4 52 52
2321 93 94 62 62
2322 57 57 66 68
2323 11 11 31 33
2324 88 88 2 2
2325 83 83 69 70
2326 93 95 7 9
2327 1 1 44 46
2328 23 24 73 73
2329 22 24 16 17
2330 91 91 19 20
2331 65 65 57 58
2332 86 87 64 66
2333 63 63 73 75
2334 29 29 85 87
2335 53 53 1 2
2336 18 20 78 78
2337 20 20 18 20
2338 76 76 27 29
2339 9 9 77 78
2340 87 88 15 17
2341 0 0 20 20
2342 50 50 68 70
2343 0 0 47 48
2344 67 68 30 32
2345 62 63 72 72
2346 3 3 26 28
2347 17 17 35 36
2348 8 10 44 45
2349 15 16 47 49
2350 86 86 42 43
2351 73 73 64 64
2352 50 50 26 28
2353 20 20 73 75
2354 98 98 41 43
2355 85 87 5 5
2356 75 76 3 4
2357 28 28 35 36
2358 14 14 95 95
2359 82 84 54 55
2360 69 70 87 88
2361 42 42 3 4
2362 33 33 62 62
2363 84 86 9 11
2364 92 92 7 8
2365 41 41 96 96
2366 4 5 64 64
2367 98 98 62 62
2368 91 91 21 21
2369 82 83 82 82
2370 20 20 68 68
2371 63 64 24 26
2372 3 5 77 78
2373 89 89 26 26
2374 27 29 59 61
2375 75 76 53 55
2376 82 82 41 41
2377 63 63 98 98
2378 15 15 50 51
2379 9 9 65 67
2380 82 82 84 86
2381 51 51 28 30
2382 60 61 81 81
2383 35 35 42 43
2384 27 28 62 64
2385 42 43 80 80
2386 53 55 0 0
2387 4 5 38 39
2388 66 66 36 36
2389 15 16 15 15
2390 69 69 30 32
2391 65 66 78 79
2392 59 59 63 64
2393 24 26 42 43
2394 17 18 82 82
2395 54 56 83 85
2396 59 59 2 2
2397 75 75 62 64
2398 38 38 68 68
2399 81 83 65 66
2400 84 85 62 62
2401 96 97 9 9
2402 23 25 13 14
2403 15 16 7 7
2404 96 96 55 56
2405 98 98 14 16
2406 77 77 43 43
2407 57 58 95 97
2408 72 73 55 55
2409 38 38 66 67
2410 45 45 3 5
2411 79 79 58 60
2412 90 90 72 73
2413 99 99 35 36
2414 10 12 35 36
2415 10 10 31 33
2416 28 28 13 14
2417 88 89 54 54
2418 13 15 1 3
2419 44 45 46 46
2420 26 28 10 11
2421 67 67 16 17
2422 55 57 9 10
2423 51 51 27 27
2424 47 47 20 21
2425 46 46 83 85
2426 59 60 41 43
2427 80 81 52 54
2428 78 79 19 19
2429 71 72 21 22
2430 32 32 92 94
2431 51 53 89 90
2432 10 10 63 63
2433 93 93 97 99
2434 59 59 16 17
2435 23 23 33 34
2436 88 88 7 9
2437 10 10 91 91
2438 29 29 44 46
2439 23 24 6 6
2440 31 31 92 92
2441 12 12 88 88
2442 64 64 52 53
2443 80 80 16 18
2444 43 44 22 24
2445 47 49 68 69
2446 78 78 5 5
2447 53 53 52 54
2448 10 10 8 8
2449 11 12 89 91
2450 34 36 28 29
2451 96 96 93 95
2452 65 65 70 72
2453 95 96 12 13
2454 23 25 64 66
2455 14 16 20 22
2456 46 46 57 59
2457 59 60 33 34
2458 22 23 67 68
2459 56 56 51 53
2460 55 55 74 74
2461 90 90 55 56
2462 4 6 81 81
2463 29 29 36 37
2464 52 52 28 30
2465 40 42 22 23
2466 48 48 14 16
2467 45 45 50 50
2468 38 38 15 15
2469 25 25 71 72
2470 99 99 86 86
2471 6 6 91 92
2472 21 21 25 27
2473 64 64 49 49
2474 54 56 29 31
2475 11 11 13 15
2476 30 30 22 23
2477 78 78 84 86
2478 43 43 89 90
2479 48 49 12 13
2480 85 86 17 18
2481 0 0 99 99
2482 62 62 74 76
2483 29 30 24 25
2484 65 67 48 49
2485 13 13 50 52
2486 81 82 30 32
2487 28 28 5 5
2488 86 87 53 54
2489 97 97 5 6
2490 38 38 89 89
2491 39 39 4 5
2492 40 40 45 47
2493 70 72 13 14
2494 59 59 82 84
2495 51 53 47 49
2496 55 55 44 44
2497 73 75 59 59
2498 89 89 27 29
2499 27 29 72 74
2500 61 63 45 45
2501 28 28 34 34
2502 22 23 57 58
2503 61 61 71 73
2504 71 71 38 39
2505 72 73 65 65
2506 92 92 28 30
2507 41 41 97 98
2508 58 58 24 25
2509 26 26 88 88
2510 29 30 88 88
2511 75 76 39 39
2512 7 7 86 86
2513 17 17 76 77
2514 73 73 47 48
2515 79 80 7 8
2516 25 26 35 35
2517 98 99 40 40
2518 55 56 36 37
2519 55 57 78 80
2520 60 61 95 96
2521 75 76 89 89
2522 30 30 78 80
2523 77 78 63 64
2524 13 14 91 93
2525 63 64 11 11
2526 21 22 30 31
2527 53 55 17 17
2528 10 11 92 94
2529 79 79 56 57
2530 20 20 10 10
2531 75 75 7 7
2532 39 40 28 28
2533 22 22 5 5
2534 99 99 96 96
2535 43 43 1 1
2536 45 45 99 99
2537 39 39 76 77
2538 44 44 36 37
2539 75 76 93 94
2540 50 51 61 62
2541 16 17 23 23
2542 98 99 81 83
2543 7 7 11 12
2544 35 35 61 63
2545 9 11 37 38
2546 31 31 17 19
2547 85 85 52 53
2548 10 10 28 28
2549 86 88 51 52
2550 67 67 33 33
2551 51 52 43 43
2552 48 49 92 93
2553 58 59 13 14
2554 33 34 40 42
2555 95 95 29 30
2556 80 82 11 12
2557 30 30 26 27
2558 89 90 48 48
2559 19 19 83 84
2560 24 24 60 60
2561 36 36 5 6
2562 0 0 23 25
2563 15 17 29 30
2564 26 26 25 26
2565 92 92 69 70
2566 99 99 12 12
2567 80 81 13 13
2568 40 41 80 82
2569 15 16 76 77
2570 41 41 16 17
2571 20 20 44 44
2572 90 91 86 86
2573 13 13 94 95
2574 58 58 7 8
2575 99 99 23 23
2576 47 47 91 92
2577 59 61 55 57
2578 77 78 65 66
2579 32 33 99 99
2580 20 20 9 9
2581 4 6 49 51
2582 39 39 36 36
2583 9 9 94 94
2584 79 79 99 99
2585 47 47 16 17
2586 32 32 19 21
2587 58 59 65 67
2588 77 77 48 48
2589 20 20 64 65
2590 50 50 63 64
2591 62 63 57 59
2592 1 2 51 51
2593 8 10 74 76
2594 55 56 1 1
2595 78 78 42 43
2596 97 97 70 72
2597 42 43 16 16
2598 56 56 25 26
2599 17 17 49 51
2600 33 33 21 22
2601 55 57 5 7
2602 8 8 87 88
2603 35 35 84 85
2604 77 78 75 77
2605 5 5 90 91
2606 34 34 93 93
2607 28 28 83 85
2608 25 25 51 51
2609 20 21 32 33
2610 50 52 50 52
2611 31 31 14 16
2612 95 95 59 61
2613 87 88 33 34
2614 57 58 34 36
2615 88 88 10 11
2616 10 10 10 11
2617 11 13 53 55
2618 94 94 80 80
2619 1 1 7 8
2620 4 5 23 24
2621 83 84 39 39
2622 6 6 35 35
2623 65 65 85 85
2624 23 24 85 87
2625 4 4 56 56
2626 74 76 75 75
2627 50 51 22 22
2628 35 36 75 76
2629 35 37 55 56
2630 78 78 67 68
2631 84 84 38 38
2632 89 90 13 15
2633 83 83 60 62
2634 48 48 29 31
2635 37 39 63 63
2636 48 49 94 94
2637 15 17 78 78
2638 64 64 21 21
2639 54 54 77 78
2640 90 90 85 85
2641 16 16 44 45
2642 4 5 33 35
2643 29 29 55 55
2644 29 29 16 17
2645 49 49 84 85
2646 53 53 63 64
2647 1 3 63 65
2648 89 89 49 50
2649 71 71 57 57
2650 77 77 49 50
2651 88 88 63 64
2652 50 50 40 40
2653 58 59 5 6
2654 33 34 73 73
2655 61 61 33 33
2656 88 89 46 47
2657 76 77 96 96
2658 93 95 4 6
2659 43 43 29 31
2660 59 61 97 98
2661 93 95 51 53
2662 78 78 99 99
2663 41 41 18 18
2664 5 6 52 54
2665 18 18 42 44
2666 73 74 89 91
2667 69 69 8 9
2668 72 72 52 52
2669 18 19 59 61
2670 90 92 50 50
2671 85 85 2 4
2672 62 62 25 27
2673 23 23 69 70
2674 86 86 0 1
2675 23 25 18 19
2676 80 80 14 14
2677 89 90 81 81
2678 40 40 1 2
2679 90 90 94 95
2680 58 59 19 21
2681 12 12 86 87
2682 13 15 32 32
2683 59 61 60 60
2684 67 67 87 87
2685 70 72 90 90
2686 59 59 36 37
2687 53 53 20 22
2688 92 92 58 60
2689 62 62 23 24
2690 99 99 5 6
2691 85 85 95 96
2692 83 83 97 99
2693 39 39 54 55
2694 8 8 54 56
2695 92 92 61 63
2696 61 61 65 65
2697 99 99 15 17
2698 65 66 16 16
2699 45 45 29 31
2700 8 8 3 3
2701 24 24 95 96
2702 26 26 92 92
2703 75 75 2 2
2704 35 35 25 27
2705 34 34 78 79
2706 77 79 80 82
2707 8 8 8 10
2708 54 54 16 16
2709 67 67 10 12
2710 71 71 31 31
2711 76 76 56 56
2712 75 75 81 82
2713 85 87 26 27
2714 95 96 76 78
2715 52 54 25 25
2716 24 26 31 33
2717 64 65 66 66
2718 9 9 79 81
2719 21 21 22 22
2720 64 64 97 99
2721 31 31 23 24
2722 50 52 53 54
2723 42 43 17 18
2724 88 89 22 23
2725 17 19 0 2
2726 89 90 37 39
2727 60 60 82 83
2728 45 46 67 69
2729 39 41 89 89
2730 1 2 60 60
2731 32 32 17 17
2732 61 62 90 91
2733 26 26 99 99
2734 58 58 70 70
2735 78 78 44 46
2736 5 5 67 68
2737 39 39 25 27
2738 80 80 37 37
2739 74 76 33 33
2740 48 48 4 4
2741 63 63 83 84
2742 36 36 8 8
2743 56 57 91 93
2744 69 69 80 80
2745 18 18 15 16
2746 89 90 75 75
2747 15 16 89 89
2748 74 76 61 61
2749 86 87 6 7
2750 73 74 51 52
2751 14 14 49 50
2752 25 25 85 86
2753 92 92 82 83
2754 53 54 41 43
2755 6 6 73 75
2756 17 17 67 69
2757 53 53 7 8
2758 58 58 9 10
2759 63 63 3 4
2760 20 21 57 59
2761 82 84 18 19
2762 66 66 75 77
2763 6 8 20 22
2764 36 36 34 36
2765 42 42 90 92
2766 79 80 55 55
2767 56 56 69 71
2768 91 91 35 37
2769 80 82 73 75
2770 18 19 46 47
2771 61 62 89 89
2772 44 44 93 94
2773 97 99 73 74
2774 59 59 51 53
2775 31 32 63 65
2776 20 22 39 39
2777 41 42 62 62
2778 35 37 2 4
2779 35 36 24 24
2780 83 83 92 94
2781 83 83 83 84
2782 15 16 93 95
2783 34 34 85 87
2784 63 63 65 67
2785 32 32 61 62
2786 79 80 29 29
2787 50 52 44 46
2788 90 90 0 2
2789 94 95 39 41
2790 6 6 67 69
2791 47 49 44 46
2792 5 5 30 31
2793 64 65 36 37
2794 71 71 27 28
2795 88 88 60 61
2796 18 19 32 33
2797 44 44 19 19
2798 80 81 58 60
2799 2 2 42 44
2800 62 62 77 78
2801 24 24 10 11
2802 50 50 83 85
2803 43 45 74 76
2804 28 28 86 87
2805 96 97 88 89
2806 37 37 65 65
2807 76 77 23 23
2808 39 41 29 31
2809 47 49 98 99
2810 63 63 46 46
2811 43 43 94 96
2812 27 28 75 77
2813 75 76 9 10
2814 10 10 64 66
2815 29 30 70 71
2816 20 20 29 31
2817 18 18 75 77
2818 2 3 14 14
2819 16 16 83 84
2820 81 81 55 57
2821 49 49 35 35
2822 45 45 56 56
2823 82 84 20 20
2824 77 77 28 29
2825 62 64 70 71
2826 9 11 21 21
2827 5 5 41 42
2828 30 30 56 58
2829 34 34 43 44
2830 25 25 23 25
2831 31 31 62 62
2832 66 66 66 66
2833 80 80 9 10
2834 91 91 65 65
2835 16 16 68 69
2836 71 71 32 32
2837 94 96 92 92
2838 28 29 6 8
2839 29 29 41 43
2840 9 9 60 61
2841 2 2 45 45
2842 85 85 67 68
2843 43 44 99 99
2844 4 6 10 10
2845 1 2 69 70
2846 14 14 57 57
2847 29 29 94 96
2848 56 56 24 24
2849 18 18 87 88
2850 45 46 63 65
2851 22 22 97 99
2852 41 41 45 45
2853 83 83 64 64
2854 37 37 42 43
2855 55 56 2 4
2856 2 2 57 59
2857 49 49 24 26
2858 42 42 56 58
2859 18 18 65 65
2860 14 15 83 84
2861 93 93 95 96
2862 74 74 81 82
2863 86 87 2 4
2864 87 88 77 78
2865 48 48 24 24
2866 65 65 40 41
2867 93 93 39 40
2868 59 59 22 22
2869 6 7 37 39
2870 59 59 44 45
2871 60 61 79 80
2872 81 82 29 29
2873 94 95 66 66
2874 57 58 84 84
2875 94 94 13 14
2876 17 17 71 72
2877 87 87 61 63
2878 27 27 5 6
2879 95 95 72 73
2880 71 72 42 42
2881 0 1 29 30
2882 92 92 67 68
2883 86 88 14 14
2884 94 94 95 95
2885 80 80 80 82
2886 20 20 79 81
2887 68 68 64 65
2888 81 83 43 45
2889 34 34 59 59
2890 76 76 86 88
2891 5 5 92 92
2892 70 70 11 11
2893 80 80 76 78
2894 19 19 57 58
2895 53 54 57 58
2896 84 86 60 61
2897 35 35 92 94
2898 84 85 97 99
2899 34 34 10 10
2900 73 74 8 10
2901 27 27 24 24
2902 77 77 90 90
2903 58 59 15 15
2904 84 84 12 13
2905 43 45 13 15
2906 19 19 64 65
2907 8 8 78 80
2908 10 10 9 9
2909 18 18 95 96
2910 29 31 82 84
2911 54 56 65 66
2912 6 6 95 96
2913 91 91 66 68
2914 52 53 13 14
2915 16 18 92 92
2916 0 1 72 74
2917 54 56 67 67
2918 89 90 96 97
2919 0 0 58 59
2920 64 64 74 76
2921 31 33 79 81
2922 71 73 86 86
2923 44 44 81 83
2924 50 51 37 39
2925 81 82 63 64
2926 47 47 85 86
2927 7 7 59 59
2928 52 53 37 38
2929 67 67 36 38
2930 60 60 36 37
2931 8 8 63 64
2932 91 91 76 77
2933 2 4 75 76
2934 68 70 57 59
2935 45 46 25 25
2936 82 84 0 2
2937 82 83 71 72
2938 57 57 99 99
2939 80 80 85 85
2940 80 81 0 1
2941 71 72 62 63
2942 48 48 71 71
2943 70 72 89 89
2944 98 99 51 53
2945 48 48 51 52
2946 65 67 73 74
2947 5 5 75 76
2948 65 65 67 69
2949 25 26 27 27
2950 99 99 27 28
2951 76 76 83 85
2952 72 72 24 26
2953 75 75 38 38
2954 16 16 85 86
2955 48 50 95 97
2956 0 1 26 28
2957 42 42 45 45
2958 93 94 32 32
2959 58 58 16 18
2960 23 23 26 26
2961 35 35 38 38
2962 81 81 85 85
2963 58 58 50 51
2964 55 57 75 77
2965 96 96 57 59
2966 42 42 59 59
2967 13 13 28 29
2968 57 58 81 83
2969 6 6 45 47
2970 65 65 75 77
2971 66 66 46 47
2972 43 44 54 55
2973 51 51 63 65
2974 80 81 71 71
2975 85 85 43 45
2976 94 94 75 76
2977 51 52 86 86
2978 83 85 14 14
2979 44 45 16 18
2980 18 19 48 49
2981 71 71 98 99
2982 88 88 5 5
2983 47 47 81 81
2984 27 27 91 92
2985 14 14 63 65
2986 20 20 22 22
2987 95 96 97 98
2988 83 83 9 10
2989 21 22 19 19
2990 74 75 5 6
2991 12 12 78 78
2992 27 29 0 0
2993 72 73 96 98
2994 10 10 60 60
2995 60 61 5 7
2996 51 51 81 82
2997 62 63 99 99
2998 68 68 53 54
2999 57 57 70 70
3000 18 19 30 30
3001 96 96 3 5
3002 30 30 2 2
3003 26 26 48 48
3004 49 51 75 76
3005 14 15 85 87
3006 80 80 20 21
3007 86 86 45 47
3008 3 5 85 85
3009 22 22 59 61
3010 97 97 17 17
3011 5 5 15 15
3012 35 36 57 57
3013 48 48 84 85
3014 39 40 98 99
3015 31 31 20 22
3016 70 70 28 28
3017 25 25 40 41
3018 15 15 96 98
3019 63 63 41 43
3020 23 24 5 5
3021 62 62 49 50
3022 49 49 27 29
3023 61 61 39 40
3024 85 85 48 49
3025 63 64 79 79
3026 64 64 96 96
3027 71 72 15 17
3028 48 48 35 37
3029 91 91 49 49
3030 35 36 58 60
3031 16 18 57 58
3032 51 51 94 95
3033 51 53 24 24
3034 99 99 62 63
3035 56 56 87 89
3036 8 9 18 18
3037 89 89 19 20
3038 58 59 61 62
3039 29 30 92 93
3040 70 71 36 37
3041 7 7 72 74
3042 0 2 92 94
3043 14 14 61 62
3044 34 36 83 83
3045 18 18 74 74
3046 14 15 45 45
3047 14 14 29 30
3048 55 55 97 97
3049 11 11 7 9
3050 29 29 75 75
3051 11 12 95 96
3052 25 25 90 90
3053 29 29 12 13
3054 71 71 96 97
3055 62 62 9 9
3056 64 64 44 44
3057 46 47 54 54
3058 17 19 38 39
3059 37 37 9 10
3060 89 90 74 74
3061 10 10 77 77
3062 58 60 54 54
3063 74 74 53 53
3064 9 9 24 26
3065 96 97 46 46
3066 77 77 44 44
3067 15 15 39 39
3068 15 16 16 16
3069 57 57 20 22
3070 29 30 10 11
3071 32 32 72 73
3072 54 55 38 39
3073 4 4 2 4
3074 57 58 85 86
3075 5 5 27 29
3076 80 80 33 33
3077 73 73 49 49
3078 98 98 65 67
3079 82 83 15 17
3080 23 23 48 49
3081 93 93 42 43
3082 72 72 7 7
3083 10 11 86 88
3084 27 27 87 87
3085 23 23 50 51
3086 33 34 37 39
3087 98 98 54 56
3088 94 96 42 43
3089 14 14 40 42
3090 4 5 20 22
3091 51 51 25 26
3092 31 32 46 46
3093 81 81 16 18
3094 18 19 31 31
3095 30 30 16 16
3096 69 69 67 68
3097 17 17 43 44
3098 5 6 86 87
3099 16 16 96 96
3100 54 55 53 53
3101 3 3 89 90
3102 93 93 65 66
3103 66 68 55 56
3104 59 59 25 26
3105 74 74 70 71
3106 71 71 19 19
3107 4 5 95 96
3108 46 47 2 3
3109 53 53 9 11
3110 77 78 78 78
3111 28 28 23 25
3112 89 89 78 78
3113 56 58 38 40
3114 12 12 64 64
3115 24 24 88 90
3116 69 70 0 1
3117 84 84 63 65
3118 53 53 50 51
3119 71 71 80 81
3120 52 53 27 27
3121 84 86 88 90
3122 84 85 77 79
3123 4 6 97 98
3124 26 26 20 21
3125 82 84 48 49
3126 19 19 97 97
3127 43 44 77 78
3128 46 46 17 18
3129 7 9 92 93
3130 98 98 63 64
3131 73 75 88 88
3132 55 55 41 41
3133 21 22 18 18
3134 99 99 97 97
3135 71 73 94 95
3136 36 38 93 93
3137 98 99 29 29
3138 30 30 17 19
3139 91 91 7 7
3140 48 50 86 88
3141 96 96 27 28
3142 11 13 40 40
3143 21 21 96 97
3144 48 49 49 50
3145 12 13 21 23
3146 80 81 50 51
3147 52 53 80 82
3148 76 76 78 79
3149 35 37 0 1
3150 43 45 38 39
3151 65 66 97 99
3152 48 48 2 2
3153 99 99 64 64
3154 86 88 31 32
3155 9 9 82 84
3156 16 16 70 72
3157 68 68 34 34
3158 0 0 0 0
3159 96 96 99 99
3160 27 27 89 90
3161 38 38 7 9
3162 19 19 79 79
3163 86 87 68 68
3164 11 12 27 28
3165 95 95 94 96
3166 12 13 67 69
3167 56 56 58 58
3168 77 78 9 10
3169 17 17 86 88
3170 89 90 99 99
3171 55 55 98 99
3172 32 32 8 10
3173 47 48 75 77
3174 20 22 50 51
3175 6 6 0 1
3176 6 7 19 19
3177 3 4 92 94
3178 38 38 69 71
3179 71 72 58 58
3180 69 69 37 37
3181 24 25 26 26
3182 84 84 51 53
3183 13 14 80 80
3184 63 65 27 27
3185 65 66 38 39
3186 71 71 29 30
3187 58 58 42 43
3188 65 66 86 87
3189 13 14 76 78
3190 4 6 63 63
3191 4 6 6 6
3192 99 99 21 22
3193 98 99 79 80
3194 78 79 89 90
3195 23 23 74 76
3196 56 57 14 16
3197 7 8 99 99
3198 56 56 86 86
3199 90 90 91 92
3200 99 99 65 65
3201 19 20 99 99
3202 69 69 33 35
3203 73 73 32 34
3204 14 14 48 48
3205 37 37 7 8
3206 25 26 82 84
3207 32 32 34 35
3208 62 62 65 67
3209 72 72 46 48
3210 99 99 67 67
3211 28 28 80 82
3212 50 50 99 99
3213 51 51 99 99
3214 73 75 84 84
3215 47 49 6 8
3216 41 41 65 67
3217 96 96 23 23
3218 72 73 99 99
3219 1 2 80 81
3220 75 75 99 99
3221 76 76 64 66
3222 92 92 84 84
3223 23 23 77 77
3224 1 1 89 90
3225 66 66 25 27
3226 91 91 99 99
3227 80 82 35 36
3228 67 68 94 94
