1 3 5 6 8
2 7 7 11 13
3 7 8 2 3
4 8 8 12 14
5 6 8 8 8
6 3 4 3 4
7 9 9 4 5
8 13 14 2 3
9 10 10 6 8
10 0 0 11 11
11 5 7 9 10
12 0 0 12 12
13 2 2 10 12
14 13 13 12 12
15 4 4 1 2
16 7 7 14 14
17 11 11 7 8
18 11 11 12 14
19 5 6 11 11
20 6 7 6 7
21 7 9 1 1
22 14 14 9 11
23 10 10 5 5
24 12 12 3 3
25 0 0 13 14
26 12 12 4 5
27 2 2 13 14
28 8 9 6 7
29 3 4 9 11
30 10 10 13 14
31 3 4 5 5
32 9 9 12 14
33 0 2 6 8
34 11 11 9 11
35 0 2 1 1
36 9 9 9 9
37 10 11 3 4
38 9 9 8 8
39 10 12 2 2
40 12 14 6 7
41 0 2 9 9
42 3 3 0 2
43 13 14 4 5
44 10 10 12 12
45 1 1 10 10
46 14 14 1 1
47 1 1 11 12
48 0 2 0 0
49 7 8 5 5
50 3 5 12 14
51 1 1 13 13
52 10 10 9 9
53 0 2 2 3
54 9 11 0 0
55 12 13 0 1
56 6 6 3 5
57 5 5 3 5
58 8 8 9 9
59 13 13 13 14
60 12 12 10 12
61 8 10 10 11
62 7 8 0 0
63 7 8 4 4
64 5 6 0 2
65 14 14 8 8
66 12 12 13 14
67 1 1 14 14
68 9 9 2 3
69 4 4 0 0
70 13 13 10 11
71 10 11 1 1
72 0 2 4 5
73 6 6 12 14
74 14 14 0 0
75 0 0 10 10
76 12 13 8 9
77 14 14 14 14
78 14 14 12 13
79 11 11 5 6
