1 5 5 9 11
2 1 1 2 2
3 15 15 6 7
4 16 16 10 10
5 11 11 14 16
6 6 7 5 7
7 14 14 12 12
8 8 10 11 11
9 2 3 1 2
10 12 13 15 16
11 15 15 5 5
12 15 16 14 16
13 16 16 2 3
14 8 8 14 15
15 0 0 2 2
16 15 15 10 10
17 0 0 9 11
18 3 5 12 13
19 13 14 14 14
20 3 3 8 8
21 15 16 11 13
22 6 7 10 11
23 6 6 2 4
24 16 16 0 1
25 7 8 3 4
26 14 15 3 4
27 14 14 9 11
28 0 1 0 1
29 2 2 12 13
30 4 4 15 15
31 13 15 0 2
32 8 9 5 6
33 0 1 12 13
34 11 11 13 13
35 12 14 6 8
36 10 10 4 5
37 5 6 0 0
38 3 5 6 7
39 16 16 4 4
40 2 4 0 0
41 0 2 6 8
42 11 12 1 2
43 4 4 8 10
44 1 2 14 14
45 8 8 7 9
46 12 14 5 5
47 5 7 8 8
48 10 10 2 3
49 4 4 11 11
50 11 13 3 4
51 7 8 0 2
52 9 9 7 7
53 11 12 0 0
54 9 9 8 10
55 6 7 12 12
56 11 11 7 9
57 9 9 14 15
58 0 0 14 16
59 6 8 16 16
60 15 16 8 9
61 12 13 9 11
62 10 10 12 14
63 6 6 1 1
64 5 5 14 15
65 8 9 12 13
66 11 11 5 6
67 4 4 16 16
68 3 4 14 14
69 9 9 2 4
70 12 12 13 14
71 6 7 9 9
72 1 3 9 11
73 0 2 3 5
74 5 5 16 16
75 4 5 1 2
76 9 9 16 16
77 14 14 15 16
78 12 13 12 12
79 6 7 13 15
80 11 11 10 12
81 13 14 13 13
82 10 10 15 16
83 9 10 0 1
84 10 10 6 7
85 16 16 5 7
86 10 10 8 10
87 1 3 15 16
88 8 8 10 10
89 3 5 3 5
