1 6 6 13 15
2 12 12 6 8
3 1 2 16 16
4 15 15 13 14
5 1 1 8 9
6 14 15 3 5
7 13 13 5 6
8 4 4 13 15
9 11 12 3 5
10 4 6 2 3
11 8 8 16 16
12 13 15 15 17
13 4 6 16 16
14 8 8 3 4
15 15 15 10 12
16 0 0 2 2
17 15 15 0 2
18 2 2 2 4
19 16 16 1 3
20 15 17 7 9
21 0 2 1 1
22 14 15 6 6
23 17 17 2 3
24 2 3 0 0
25 7 7 3 5
26 14 14 9 10
27 6 6 8 9
28 9 10 6 7
29 16 16 14 15
30 9 11 11 13
31 7 7 12 13
32 13 14 7 8
33 0 0 3 5
34 16 16 10 10
35 3 3 1 2
36 1 1 13 15
37 2 2 14 15
38 12 14 12 12
39 10 11 8 10
40 1 3 7 7
41 0 2 17 17
42 7 8 0 2
43 17 17 0 0
44 8 8 11 12
45 5 6 4 6
46 1 1 4 6
47 7 7 7 7
48 6 6 7 7
49 3 3 13 14
50 7 9 8 10
51 12 12 16 17
52 2 2 11 13
53 9 9 3 5
54 8 10 14 14
55 4 4 4 4
56 0 1 11 12
57 16 16 5 6
58 1 1 2 3
59 11 11 17 17
60 7 9 17 17
61 17 17 13 15
62 2 3 8 10
63 0 0 6 6
64 12 12 15 15
65 10 10 17 17
66 4 6 10 12
67 0 0 9 10
68 11 11 6 7
69 5 5 13 15
70 12 13 9 10
71 8 8 15 15
72 16 16 0 0
73 7 7 14 16
74 5 6 0 1
75 14 14 2 2
76 7 7 6 6
77 16 17 4 4
78 12 14 13 14
79 17 17 10 12
80 13 14 0 1
81 0 1 0 0
82 13 13 2 4
83 9 11 15 16
84 0 0 13 14
85 4 5 7 9
86 12 14 11 11
87 7 7 11 11
88 11 11 14 14
89 10 10 3 5
90 8 8 5 7
91 16 16 11 13
92 16 17 16 17
93 3 3 11 12
94 0 0 15 16
95 3 3 15 17
96 9 11 0 2
97 17 17 5 6
98 2 4 6 6
99 8 8 13 13
100 0 0 7 8
101 1 1 10 10
102 12 12 0 2
103 3 3 3 4
104 17 17 1 1
105 4 4 0 1
106 4 6 17 17
107 2 4 5 5
