1 4 5 8 10
2 0 2 3 3
3 1 1 15 15
4 3 3 3 4
5 15 16 7 8
6 13 13 17 17
7 16 17 14 15
8 3 4 13 13
9 14 14 4 4
10 1 1 16 16
11 14 14 8 9
12 0 2 8 9
13 6 7 13 15
14 2 4 16 16
15 4 5 5 7
16 0 1 12 14
17 6 6 5 5
18 14 15 2 3
19 12 12 6 6
20 15 17 11 13
21 8 8 11 13
22 10 11 4 6
23 0 2 4 4
24 14 14 10 11
25 11 11 9 10
26 12 13 9 11
27 0 0 15 15
28 17 17 5 6
29 14 14 16 18
30 5 5 11 13
31 1 1 17 18
32 17 17 2 4
33 3 3 5 6
34 0 1 0 2
35 18 18 2 3
36 17 18 0 1
37 11 11 18 18
38 9 9 16 16
39 13 14 12 12
40 10 11 17 17
41 5 6 3 4
42 15 15 17 18
43 18 18 15 15
44 10 10 8 8
45 18 18 10 10
46 17 17 7 7
47 18 18 11 13
48 12 12 12 13
49 17 17 8 10
50 9 10 1 3
51 2 3 0 2
52 15 15 9 10
53 11 12 7 8
54 12 13 3 5
55 16 16 1 3
56 18 18 14 14
57 0 0 16 17
58 10 10 10 12
59 15 15 14 16
60 5 6 16 16
61 10 10 18 18
62 16 16 9 10
63 14 16 0 0
64 6 6 18 18
65 8 9 6 6
66 13 14 13 15
67 14 14 1 1
68 4 6 0 2
69 7 7 6 8
70 18 18 9 9
71 0 2 10 11
72 12 12 17 18
73 8 9 7 7
74 14 14 5 6
75 3 3 10 11
76 3 3 7 9
77 13 13 18 18
78 4 4 11 11
79 7 9 4 5
80 14 14 7 7
81 7 8 1 2
82 16 17 16 17
83 6 8 17 17
84 0 2 5 7
85 4 5 17 18
86 2 2 15 15
87 5 5 14 15
88 6 7 10 12
89 13 13 6 8
90 4 4 3 4
91 18 18 4 5
92 13 13 16 16
93 11 11 11 13
94 12 13 0 2
95 10 10 13 13
96 17 17 18 18
97 3 4 14 15
98 9 11 0 0
99 16 16 18 18
100 0 0 18 18
101 8 9 8 10
102 11 11 1 3
103 15 15 1 1
104 10 10 9 9
105 10 12 14 16
106 2 3 17 18
107 18 18 6 8
108 15 16 4 6
109 8 9 14 15
110 9 9 11 13
111 6 7 9 9
112 2 2 12 14
113 7 8 16 16
114 6 6 6 8
115 7 8 3 3
116 7 8 18 18
117 9 9 17 18
118 7 8 0 0
119 18 18 16 18
120 3 4 12 12
121 10 10 7 7
