1 1 1 12 13
2 5 6 5 7
3 14 14 18 18
4 9 9 9 10
5 15 17 13 14
6 12 12 5 6
7 16 16 11 12
8 1 1 14 15
9 12 12 4 4
10 7 7 4 5
11 0 0 11 13
12 19 19 2 4
13 4 4 9 10
14 16 17 17 18
15 13 14 5 5
16 18 18 11 13
17 2 3 13 15
18 8 8 4 4
19 8 8 14 16
20 10 10 11 12
21 15 17 5 5
22 10 11 5 6
23 4 6 4 4
24 4 4 11 13
25 0 0 4 6
26 5 7 10 10
27 4 4 18 18
28 2 3 0 1
29 0 0 14 15
30 9 9 11 12
31 7 7 16 18
32 11 11 17 18
33 14 14 13 14
34 1 3 2 4
35 19 19 5 5
36 7 7 6 6
37 19 19 6 8
38 12 12 0 2
39 16 16 6 7
40 5 6 18 19
41 4 4 5 6
42 11 11 14 14
43 13 13 13 13
44 5 6 11 11
45 10 12 8 9
46 8 10 0 0
47 1 1 1 1
48 2 3 11 12
49 5 6 8 9
50 11 11 0 2
51 12 12 7 7
52 4 5 0 0
53 3 3 10 10
54 15 15 2 2
55 2 3 5 6
56 19 19 9 10
57 9 9 19 19
58 17 18 3 4
59 16 17 0 1
60 2 3 7 9
61 18 19 17 18
62 16 18 2 2
63 3 4 19 19
64 4 4 14 14
65 0 0 8 10
66 19 19 0 1
67 15 15 18 19
68 7 8 7 9
69 3 3 16 18
70 10 11 3 4
71 16 17 19 19
72 19 19 11 13
73 13 14 2 4
74 18 18 14 14
75 11 12 10 11
76 9 9 8 8
77 5 5 1 1
78 6 7 0 0
79 0 0 1 3
80 13 15 7 9
81 5 5 2 2
82 9 9 7 7
83 11 13 19 19
84 0 1 0 0
85 10 10 13 14
86 9 9 1 1
87 18 18 0 0
88 10 11 7 7
89 1 1 8 8
90 10 10 10 10
91 13 15 6 6
92 17 17 11 12
93 1 1 5 7
94 8 8 5 6
95 9 9 15 16
96 10 10 18 19
97 12 12 3 3
98 8 8 10 12
99 18 18 19 19
100 0 2 19 19
101 15 15 0 1
102 13 15 10 12
103 16 17 8 8
104 18 18 1 1
105 18 18 5 7
106 12 13 14 15
107 12 13 16 18
108 4 4 1 2
109 9 10 17 17
110 8 9 13 13
111 19 19 14 16
112 0 2 16 18
113 19 19 19 19
114 16 17 9 10
115 7 7 11 11
116 6 7 1 3
117 4 4 7 8
118 1 1 11 11
119 10 10 1 2
120 18 18 8 10
121 16 18 15 16
122 1 2 10 10
123 9 9 5 6
124 9 9 2 4
125 14 15 15 17
126 11 12 12 13
127 15 16 3 4
128 4 6 15 17
129 0 0 7 7
130 9 9 18 18
131 7 7 19 19
132 17 17 6 7
133 8 8 17 19
134 10 11 15 16
135 7 7 15 15
136 4 5 3 3
137 9 9 14 14
138 1 1 9 9
139 14 14 19 19
140 8 8 1 3
141 5 7 12 14
142 13 14 0 1
