1 13 14 7 9
2 12 12 5 5
3 4 4 13 15
4 12 14 3 3
5 7 7 0 1
6 1 1 18 20
7 17 18 0 2
8 15 15 8 8
9 0 1 0 0
10 12 12 11 12
11 19 20 20 20
12 16 17 20 20
13 15 16 12 12
14 17 17 11 13
15 17 17 9 10
16 9 9 3 4
17 5 5 8 10
18 3 4 8 10
19 0 2 9 9
20 20 20 12 14
21 10 10 2 3
22 4 4 11 12
23 11 11 7 9
24 15 15 9 11
25 16 18 4 5
26 10 10 20 20
27 13 14 10 12
28 11 11 13 14
29 19 20 15 17
30 5 6 1 3
31 11 11 2 4
32 14 15 13 15
33 0 2 12 14
34 19 20 18 18
35 0 0 20 20
36 7 7 19 20
37 16 18 15 15
38 8 8 0 0
39 19 19 4 6
40 5 5 4 6
41 17 17 17 19
42 0 0 4 4
43 11 11 20 20
44 18 18 6 6
45 16 16 10 11
46 15 15 3 4
47 16 16 3 3
48 0 0 11 11
49 11 11 10 12
50 15 15 20 20
51 11 11 15 16
52 4 4 0 2
53 16 16 6 6
54 16 16 9 9
55 20 20 5 5
56 8 8 1 1
57 8 8 20 20
58 2 2 0 0
59 1 1 10 11
60 9 9 5 7
61 0 0 10 10
62 12 12 2 2
63 12 12 8 10
64 9 9 17 17
65 18 18 20 20
66 18 20 9 11
67 1 1 4 6
68 19 20 0 1
69 1 1 3 3
70 5 6 16 16
71 0 0 16 16
72 0 0 19 19
73 3 3 0 0
74 20 20 6 6
75 7 8 3 5
76 0 0 5 5
77 8 8 11 12
78 0 0 15 15
79 0 0 6 7
80 9 10 8 9
81 9 10 10 12
82 12 12 0 0
83 6 7 6 8
84 7 9 14 16
85 5 5 7 7
86 2 3 18 20
87 10 10 15 17
88 20 20 2 4
89 8 8 6 7
90 2 4 3 5
91 14 16 1 2
92 15 15 5 7
93 10 10 7 7
94 9 9 19 20
95 15 16 17 19
96 17 17 14 14
97 19 19 2 3
98 12 12 1 1
99 11 11 17 19
100 12 14 19 20
101 4 4 16 16
102 4 6 17 18
103 12 14 16 18
104 8 10 13 13
105 12 14 4 4
106 9 9 18 18
107 4 4 6 7
108 3 3 6 7
109 0 0 1 3
110 0 0 17 18
111 13 14 5 6
112 7 9 2 2
113 6 6 4 4
114 14 16 0 0
115 17 18 3 3
116 11 11 5 6
117 8 8 19 19
118 10 10 4 6
119 10 10 14 14
120 18 18 16 18
121 12 12 6 7
122 2 2 10 10
123 18 19 12 14
124 1 1 7 7
125 12 13 13 15
126 15 17 16 16
127 0 2 8 8
128 5 6 14 15
129 1 3 15 17
130 2 3 11 11
131 2 2 6 7
132 10 10 18 19
133 9 11 0 1
134 8 8 8 8
135 4 6 19 20
136 17 17 6 8
137 5 6 0 0
138 16 16 7 8
139 16 16 13 14
140 18 20 7 8
141 6 8 9 10
142 1 3 1 2
143 3 3 12 14
144 7 8 17 18
145 18 20 19 19
146 5 7 11 13
147 6 6 5 5
148 13 13 0 2
