1 12 12 25 25
2 3 3 30 30
3 23 25 10 10
4 11 12 22 24
5 25 25 14 14
6 23 25 9 9
7 34 34 22 23
8 23 23 11 13
9 13 15 2 3
10 32 32 2 2
11 28 28 14 15
12 31 33 14 14
13 32 32 3 4
14 18 18 33 33
15 8 9 19 19
16 29 29 30 31
17 20 22 1 3
18 0 1 29 30
19 12 14 26 27
20 17 19 12 14
21 29 29 13 15
22 26 26 24 25
23 24 24 12 13
24 11 11 14 14
25 4 6 10 12
26 15 15 25 27
27 0 1 12 12
28 21 21 6 8
29 20 21 14 14
30 24 26 8 8
31 10 10 32 34
32 17 18 27 29
33 3 3 24 25
34 6 6 28 29
35 34 34 8 10
36 10 10 26 27
37 23 23 32 32
38 0 2 2 2
39 0 1 25 25
40 32 34 5 7
41 8 9 13 15
42 4 5 18 18
43 15 15 1 1
44 14 14 19 21
45 31 31 2 2
46 12 13 17 19
47 27 29 24 26
48 0 2 22 24
49 0 1 13 14
50 20 21 15 17
51 16 16 28 30
52 19 19 5 5
53 0 0 20 20
54 27 27 8 10
55 7 7 14 14
56 28 28 9 11
57 19 19 15 15
58 33 33 15 15
59 3 3 26 28
60 9 9 5 5
61 14 16 16 18
62 6 6 7 7
63 11 11 25 27
64 12 14 31 32
65 11 11 34 34
66 0 0 19 19
67 0 0 3 5
68 14 14 22 22
69 31 31 21 21
70 25 25 6 6
71 22 22 18 19
72 0 1 18 18
73 22 22 30 30
74 13 13 20 22
75 26 26 21 23
76 0 0 26 28
77 8 9 6 6
78 12 13 14 16
79 4 4 34 34
80 25 25 32 34
81 8 8 5 5
82 7 7 13 13
83 3 3 7 8
84 6 6 3 4
85 34 34 33 34
86 30 30 21 23
87 10 11 30 31
88 16 18 11 11
89 15 15 28 30
90 25 25 25 26
91 16 16 12 14
92 28 30 16 16
93 10 12 4 6
94 29 31 8 9
95 19 19 9 11
96 29 29 27 28
97 11 11 8 8
98 30 32 31 31
99 26 27 14 16
100 19 19 18 18
101 24 24 28 30
102 26 26 26 28
103 1 3 31 33
104 8 10 0 0
105 20 20 20 21
106 3 5 15 17
107 23 24 34 34
108 19 20 28 29
109 15 15 31 33
110 30 31 26 26
111 27 29 17 18
112 21 23 4 5
113 34 34 11 13
114 24 24 33 33
115 20 20 4 6
116 25 27 4 4
117 24 26 17 18
118 22 22 12 13
119 10 10 9 11
120 33 33 34 34
121 5 5 20 22
122 23 23 1 2
123 30 30 17 17
124 23 25 3 3
125 10 12 2 3
126 24 24 31 32
127 34 34 28 30
128 9 10 22 23
129 29 29 21 23
130 19 19 16 17
131 26 26 6 7
132 27 28 31 33
133 21 23 29 29
134 30 31 4 4
135 22 22 32 34
136 22 23 6 8
137 14 14 33 33
138 6 6 18 19
139 5 5 34 34
140 20 22 0 0
141 23 23 0 0
142 0 0 10 10
143 16 16 23 25
144 3 3 0 2
145 20 20 7 7
146 2 2 16 16
147 5 5 28 30
148 0 1 8 9
149 7 8 34 34
150 33 33 1 2
151 25 25 27 28
152 18 18 19 20
153 13 13 24 25
154 26 26 3 3
155 7 7 29 29
156 16 16 26 27
157 17 17 5 6
158 29 31 32 33
159 15 16 5 6
160 31 31 3 3
161 28 28 30 30
162 9 9 30 32
163 19 20 25 27
164 30 30 24 25
165 31 31 25 25
166 26 26 34 34
167 0 2 34 34
168 30 31 30 30
169 11 11 29 29
170 13 13 23 23
171 29 31 10 12
172 18 19 6 8
173 14 14 1 1
174 18 18 21 21
175 27 27 19 20
176 13 13 0 1
177 2 2 13 15
178 4 4 23 24
179 4 5 25 27
180 20 20 33 33
181 3 5 3 3
182 6 6 33 34
183 2 2 7 9
184 17 18 22 23
185 1 1 28 28
186 4 5 6 7
187 9 9 24 26
188 7 8 7 9
189 0 0 6 7
190 31 32 0 1
191 7 7 0 2
192 3 3 9 9
193 8 10 16 18
194 11 12 9 10
195 32 33 11 12
196 2 3 18 18
197 7 7 3 3
198 17 17 30 31
199 16 18 9 10
200 24 26 0 1
201 20 21 18 19
202 16 17 33 33
203 12 12 29 30
204 17 17 19 21
205 30 30 5 7
206 11 12 7 7
207 20 22 24 24
208 23 23 33 33
209 24 24 4 4
210 28 29 19 20
211 0 1 15 17
212 32 33 28 28
213 21 21 33 34
214 11 12 0 0
215 15 15 10 12
216 16 18 32 32
217 24 24 6 7
218 28 29 29 29
219 32 33 8 8
220 0 0 11 11
221 31 31 27 29
222 8 10 28 29
223 19 19 23 24
224 24 24 25 27
225 13 14 5 5
226 28 28 8 8
227 0 0 31 33
228 8 8 23 24
229 11 13 33 33
230 25 25 15 16
231 11 11 32 32
232 28 29 34 34
233 23 25 19 21
234 21 22 22 22
235 30 30 1 3
236 15 17 7 8
237 24 26 5 5
238 19 19 30 31
239 16 16 21 22
240 22 24 14 16
241 3 3 22 23
242 28 28 4 6
243 10 10 24 25
244 2 2 30 30
245 13 14 12 13
246 29 29 4 5
247 2 2 28 29
248 17 18 16 18
249 10 12 1 1
250 1 3 6 6
251 16 16 31 31
252 0 0 21 21
253 6 6 17 17
254 29 29 6 7
255 33 33 32 33
256 15 15 13 15
257 33 33 19 19
258 17 19 0 1
259 14 14 14 15
260 3 3 29 29
261 15 16 34 34
262 10 10 7 8
263 34 34 14 15
264 8 9 2 4
265 8 8 25 26
266 27 29 0 1
267 7 7 4 6
268 15 15 24 24
269 12 12 8 8
270 23 23 30 31
271 10 10 13 15
272 3 5 4 5
273 22 22 17 17
274 7 7 31 31
275 7 7 10 12
276 9 9 9 11
277 32 32 32 32
278 4 6 8 9
279 18 18 5 5
280 34 34 18 20
281 27 27 34 34
282 17 18 34 34
283 1 2 3 5
284 23 23 17 18
285 26 27 30 30
286 3 4 13 14
287 6 8 20 22
288 33 33 16 18
289 7 7 17 19
290 31 32 15 17
291 13 15 9 9
292 32 34 26 27
293 24 24 11 11
294 14 14 23 25
295 28 28 12 13
296 32 33 22 23
297 14 16 0 0
298 26 27 29 29
299 25 25 29 31
300 22 22 31 31
301 15 15 21 23
302 31 31 5 7
303 21 22 26 28
304 13 15 4 4
305 30 30 27 29
306 34 34 0 2
307 19 19 32 34
308 21 21 9 10
309 33 33 31 31
310 7 7 32 33
311 2 2 25 27
312 19 20 22 22
313 9 9 27 27
314 0 2 0 1
315 17 18 24 26
316 11 12 28 28
317 26 26 19 20
318 28 28 7 7
319 34 34 31 32
320 7 7 26 28
321 11 12 11 13
322 19 19 19 21
323 32 33 9 10
324 13 14 10 11
325 20 21 30 32
326 10 12 21 21
327 20 22 23 23
328 26 26 31 33
329 21 22 25 25
330 25 27 11 13
331 18 18 30 31
332 30 30 0 0
333 4 5 31 33
334 7 8 30 30
335 16 16 1 1
336 16 18 15 15
337 6 6 5 6
338 7 7 23 25
339 20 21 11 13
340 13 14 28 30
341 6 7 15 16
342 32 32 33 33
343 25 25 7 7
344 32 33 29 30
345 1 1 7 7
346 18 19 2 4
347 4 6 0 2
348 5 6 13 14
349 34 34 21 21
350 13 14 6 8
351 23 25 22 24
352 21 22 20 21
353 33 33 0 0
354 28 28 27 28
355 23 23 25 26
356 33 34 3 4
357 8 9 1 1
358 27 27 5 7
359 8 8 31 33
360 23 23 27 28
361 20 20 9 10
362 31 33 13 13
363 20 20 8 8
364 11 11 18 18
365 1 1 10 11
366 15 16 19 20
367 16 17 2 4
368 27 27 27 28
369 2 2 17 17
370 8 8 10 12
371 8 8 27 27
372 33 33 20 21
373 4 4 20 22
374 6 6 26 27
375 27 28 21 23
376 10 11 19 20
377 1 3 19 21
378 9 9 20 21
379 1 1 26 27
380 5 6 23 24
381 32 32 21 21
382 2 3 10 12
383 6 6 25 25
384 9 9 33 34
385 32 34 24 25
386 24 26 2 2
387 31 31 22 24
388 9 9 7 8
389 11 11 15 17
390 3 3 34 34
391 4 5 19 19
392 26 26 9 10
393 9 10 12 12
394 6 6 30 32
395 12 14 34 34
396 4 4 28 30
397 22 22 9 11
398 20 20 34 34
399 27 29 2 3
400 34 34 16 17
401 12 12 20 20
402 30 30 13 15
403 30 30 34 34
404 31 32 34 34
405 30 32 18 20
