1 14 14 29 30
2 10 10 31 33
3 3 3 26 28
4 4 5 21 22
5 12 13 8 8
6 6 7 4 6
7 27 27 24 24
8 36 37 26 26
9 38 38 37 38
10 21 22 29 29
11 38 38 20 20
12 37 37 7 7
13 27 29 19 21
14 8 8 16 18
15 21 21 4 4
16 20 21 18 20
17 8 9 29 29
18 14 14 27 28
19 8 8 36 36
20 5 5 8 9
21 19 21 0 0
22 13 13 32 32
23 13 13 13 14
24 34 35 28 30
25 38 38 19 19
26 14 14 31 31
27 32 32 15 15
28 32 33 5 5
29 22 22 15 16
30 15 17 28 30
31 18 18 18 19
32 37 37 14 16
33 32 32 6 8
34 18 18 0 1
35 17 19 34 35
36 24 25 13 13
37 2 3 19 19
38 22 24 19 20
39 33 35 0 1
40 18 18 21 22
41 37 38 12 13
42 37 37 28 29
43 0 0 13 15
44 0 0 17 18
45 36 36 33 35
46 15 17 0 2
47 21 21 27 28
48 36 37 1 2
49 1 3 20 21
50 26 26 26 28
51 1 1 19 19
52 9 10 10 11
53 8 8 3 5
54 5 5 24 25
55 12 13 36 36
56 31 33 27 29
57 26 27 33 34
58 0 0 35 36
59 16 16 15 17
60 34 35 5 6
61 30 32 32 32
62 9 11 2 3
63 30 30 37 38
64 22 24 28 28
65 36 36 18 19
66 27 28 16 18
67 22 22 26 26
68 8 8 19 20
69 23 23 13 14
70 33 33 24 26
71 17 17 18 20
72 33 35 13 15
73 25 26 2 3
74 35 35 34 34
75 22 22 32 33
76 26 26 20 22
77 30 32 30 30
78 5 5 16 17
79 8 8 37 37
80 25 27 11 12
81 1 1 35 37
82 12 13 1 1
83 7 8 13 15
84 34 34 25 25
85 8 9 8 9
86 2 2 26 26
87 32 33 21 23
88 7 7 3 3
89 4 5 26 26
90 37 38 23 23
91 32 34 16 17
92 35 35 18 20
93 11 12 32 32
94 3 4 16 17
95 19 21 1 3
96 0 1 30 32
97 31 31 16 18
98 24 24 1 2
99 2 2 27 27
100 37 37 17 19
101 36 36 3 3
102 15 17 24 24
103 20 21 34 36
104 19 19 12 14
105 9 9 20 22
106 22 22 1 3
107 17 18 17 17
108 12 13 0 0
109 15 17 21 23
110 1 1 18 18
111 23 23 15 16
112 34 35 21 21
113 11 12 10 12
114 34 34 37 38
115 18 18 20 20
116 22 24 31 31
117 7 8 21 22
118 34 35 26 27
119 23 23 7 9
120 3 3 18 18
121 9 10 25 25
122 24 25 18 18
123 33 33 35 37
124 19 19 22 22
125 28 28 36 36
126 12 12 20 21
127 10 10 37 37
128 36 36 9 9
129 10 10 35 36
130 6 6 20 21
131 27 27 23 23
132 0 0 16 16
133 2 3 34 35
134 2 4 36 37
135 2 2 30 32
136 25 25 19 20
137 5 5 30 30
138 34 36 31 31
139 19 19 18 19
140 4 4 30 31
141 18 19 29 29
142 13 13 5 7
143 5 5 36 36
144 6 6 12 13
145 6 6 8 9
146 6 8 0 1
147 14 14 13 15
148 12 12 22 23
149 8 10 6 7
150 23 23 10 12
151 17 17 11 11
152 0 0 10 12
153 30 32 33 35
154 31 31 8 8
155 24 24 26 26
156 38 38 14 16
157 4 4 2 3
158 30 31 2 4
159 20 21 14 16
160 19 19 7 8
161 34 34 34 36
162 9 9 36 38
163 20 20 37 37
164 11 12 24 26
165 5 7 31 32
166 11 11 5 7
167 29 29 38 38
168 32 32 13 14
169 28 28 7 7
170 24 24 6 8
171 9 9 15 16
172 14 14 0 2
173 10 10 18 20
174 9 9 30 32
175 9 11 0 1
176 28 28 35 35
177 11 11 38 38
178 22 24 30 30
179 7 7 20 20
180 1 1 38 38
181 24 24 5 5
182 18 19 23 25
183 34 36 7 8
184 31 31 9 11
185 28 29 2 4
186 5 5 37 37
187 20 20 28 29
188 22 23 17 18
189 4 4 0 1
190 25 26 0 1
191 20 21 24 26
192 23 24 29 29
193 27 29 0 0
194 19 20 4 6
195 32 32 38 38
196 10 10 38 38
197 23 23 3 4
198 20 22 8 10
199 36 36 30 30
200 37 37 3 3
201 18 19 9 11
202 27 29 30 30
203 22 22 4 6
204 16 18 3 4
205 25 25 21 21
206 16 16 37 38
207 24 24 9 9
208 18 18 7 8
209 38 38 21 22
210 29 30 16 16
211 8 8 30 32
212 38 38 10 11
213 13 13 10 12
214 10 10 28 28
215 37 37 30 30
216 38 38 26 27
217 21 22 37 38
218 37 37 35 35
219 27 27 2 3
220 38 38 29 29
221 2 2 9 11
222 36 36 32 32
223 2 4 7 7
224 33 33 38 38
225 14 14 38 38
226 15 15 3 5
227 6 6 22 24
228 9 9 5 5
229 0 2 22 22
230 35 36 11 12
231 7 7 16 17
232 35 35 16 17
233 28 28 37 38
234 33 33 6 8
235 31 32 12 12
236 13 14 24 26
237 28 29 10 12
238 23 24 35 35
239 20 22 7 7
240 0 1 33 34
241 35 35 38 38
242 14 14 10 12
243 0 2 3 5
244 25 26 4 6
245 15 15 8 10
246 33 33 12 12
247 3 3 1 3
248 25 25 28 30
249 29 29 18 18
250 33 33 30 30
251 37 37 27 27
252 26 27 35 37
253 27 27 5 5
254 28 29 31 33
255 36 38 4 6
256 34 34 12 12
257 13 14 21 23
258 32 34 9 11
259 36 36 38 38
260 27 27 28 29
261 3 4 13 15
262 22 22 14 14
263 26 26 15 16
264 11 11 33 34
265 37 38 34 34
266 14 15 16 17
267 7 8 10 12
268 16 18 5 6
269 7 7 23 24
270 35 35 2 4
271 14 14 35 37
272 6 8 26 28
273 15 16 18 20
274 16 18 12 14
275 19 21 32 33
276 38 38 1 3
277 29 29 17 17
278 28 30 5 6
279 34 35 22 24
280 28 29 34 34
281 6 7 25 25
282 27 27 6 7
283 11 13 19 19
284 2 2 33 33
285 24 25 16 17
286 35 35 37 37
287 30 30 17 17
288 23 23 1 2
289 19 19 17 17
290 2 2 15 16
291 25 27 8 10
292 32 33 31 31
293 32 32 36 37
294 3 3 29 31
295 6 7 36 37
296 0 1 6 8
297 7 8 38 38
298 18 18 33 33
299 38 38 30 30
300 35 36 10 10
301 21 21 5 6
302 15 15 37 37
303 34 35 32 33
304 10 10 34 34
305 14 14 3 3
306 7 7 7 9
307 21 22 21 22
308 36 36 23 25
309 22 22 34 36
310 7 8 33 33
311 38 38 7 9
312 23 23 26 26
313 0 1 26 28
314 5 6 35 35
315 11 12 13 15
316 3 5 12 12
317 25 25 25 27
318 27 28 1 1
319 23 23 5 6
320 7 8 34 35
321 20 22 23 23
322 27 27 25 27
323 25 25 22 24
324 0 0 37 38
325 11 11 21 23
326 11 13 16 18
327 18 19 26 27
328 30 30 18 18
329 37 37 8 10
330 26 26 17 19
331 13 14 20 20
332 36 36 16 17
333 17 19 36 38
334 2 2 6 6
335 6 6 16 17
336 5 5 23 23
337 5 6 18 19
338 5 6 33 34
339 1 2 12 14
340 24 24 3 4
341 22 24 27 27
342 31 31 5 7
343 16 17 7 9
344 27 27 22 22
345 3 4 32 33
346 18 18 2 2
347 35 35 35 36
348 5 6 2 3
349 10 11 9 9
350 29 30 24 26
351 27 27 4 4
352 1 3 0 0
353 36 38 0 0
354 14 14 18 19
355 0 2 1 2
356 11 11 20 20
357 36 37 20 22
358 30 31 13 15
359 1 1 11 11
360 37 37 11 11
361 7 7 18 19
362 15 15 11 12
363 14 14 32 34
364 37 38 24 25
365 38 38 28 28
366 11 13 30 31
367 15 15 38 38
368 18 18 30 32
369 30 30 10 12
370 30 31 19 21
371 25 25 34 35
372 35 35 9 9
373 9 9 23 23
374 3 4 8 10
375 9 9 33 35
376 9 10 24 24
377 24 25 14 15
378 28 30 27 29
379 15 15 13 15
380 27 29 13 15
381 22 24 0 0
382 3 5 4 6
383 2 2 8 8
384 5 6 7 7
385 24 24 10 12
386 3 4 23 25
387 10 10 15 17
388 20 22 11 13
389 5 5 13 13
390 9 9 17 19
391 17 18 15 15
392 22 22 24 25
393 15 16 34 36
394 14 14 7 9
395 20 20 27 27
396 38 38 35 36
397 20 21 17 17
398 25 26 7 7
399 12 13 37 38
400 5 5 0 1
401 29 29 1 1
402 4 6 38 38
403 28 28 25 26
404 12 13 2 4
405 31 32 24 26
406 2 2 17 18
407 23 24 21 22
408 30 31 31 31
409 1 1 15 17
410 0 0 0 0
411 28 30 8 9
412 37 38 31 33
413 7 8 2 2
414 27 27 31 31
415 10 10 4 5
416 1 1 9 10
417 5 6 14 15
418 9 10 12 14
419 12 12 5 7
420 13 13 15 15
421 11 11 4 4
422 33 33 32 34
423 9 9 28 28
424 31 31 37 38
425 11 13 27 29
426 17 17 10 10
427 2 3 38 38
428 0 0 19 21
429 0 2 29 29
430 36 37 36 37
431 26 26 23 25
432 30 32 0 1
433 25 25 36 37
434 10 10 29 30
435 10 10 21 23
436 0 2 23 25
437 15 15 6 7
438 4 4 34 35
439 23 24 23 25
440 19 19 20 21
441 20 20 21 22
442 11 11 35 37
443 36 36 27 28
444 36 36 29 29
445 29 30 7 7
446 38 38 17 18
447 5 5 20 20
448 15 17 31 33
449 9 9 4 4
450 32 34 2 4
451 25 27 38 38
452 4 4 18 20
453 36 36 13 15
454 10 11 8 8
455 12 13 33 35
456 2 2 28 28
457 12 13 9 9
458 9 10 26 27
459 28 28 22 24
460 17 19 16 16
461 8 8 23 25
462 30 31 36 36
463 23 24 32 34
464 18 19 28 28
465 25 25 31 33
466 14 14 4 6
467 19 21 30 31
468 29 31 22 23
469 35 35 25 25
470 26 26 29 31
471 6 7 29 30
472 5 6 10 11
473 4 5 27 29
474 3 3 22 22
475 26 27 32 32
476 23 24 36 38
477 16 16 10 11
478 19 19 15 15
479 20 20 38 38
480 0 0 9 9
481 15 17 25 27
482 32 34 18 20
483 26 26 13 14
484 29 29 35 37
485 3 4 11 11
486 37 37 38 38
