1 32 32 23 23
2 6 6 38 39
3 23 23 22 24
4 2 3 33 33
5 34 35 18 18
6 33 34 14 14
7 2 2 5 7
8 22 22 23 25
9 30 31 15 15
10 39 39 27 27
11 15 15 19 21
12 19 20 38 39
13 9 10 30 31
14 22 22 14 16
15 0 0 7 7
16 30 31 27 29
17 13 13 36 37
18 4 4 17 17
19 9 10 32 34
20 3 3 6 7
21 6 6 34 35
22 7 8 21 21
23 37 37 5 7
24 32 32 29 29
25 22 22 4 6
26 38 38 33 34
27 33 34 22 24
28 2 2 37 37
29 3 4 37 39
30 34 34 17 17
31 9 11 0 0
32 18 18 22 22
33 39 39 35 35
34 7 9 39 39
35 35 35 4 4
36 0 2 24 25
37 2 2 30 32
38 8 8 30 32
39 17 17 25 26
40 14 14 16 17
41 3 4 14 16
42 12 14 6 6
43 5 5 31 32
44 0 1 30 32
45 1 1 8 9
46 15 15 22 22
47 15 16 26 26
48 39 39 22 22
49 25 27 25 25
50 29 29 33 34
51 23 23 19 20
52 4 4 27 28
53 14 14 30 31
54 5 5 37 38
55 19 19 31 33
56 20 20 29 29
57 3 4 11 13
58 22 22 10 10
59 28 28 7 7
60 8 10 9 10
61 12 13 11 11
62 32 32 31 32
63 1 2 28 29
64 3 3 4 5
65 18 19 34 36
66 12 13 30 32
67 8 8 38 38
68 29 30 14 14
69 21 21 24 26
70 13 13 4 4
71 38 38 35 37
72 4 4 22 22
73 6 7 9 10
74 0 0 19 21
75 7 7 37 38
76 31 31 11 12
77 9 9 38 38
78 10 11 16 17
79 18 18 19 21
80 23 24 33 34
81 11 12 29 29
82 21 21 27 27
83 39 39 38 39
84 20 21 22 23
85 31 31 13 14
86 10 10 27 29
87 24 24 23 24
88 28 29 38 39
89 25 25 7 9
90 15 16 31 31
91 33 34 28 30
92 24 24 30 32
93 5 5 35 36
94 6 6 17 19
95 10 11 4 5
96 11 11 37 39
97 16 17 34 36
98 39 39 26 26
99 5 6 28 30
100 34 36 0 1
101 14 14 5 5
102 31 33 0 2
103 21 22 31 32
104 21 22 37 39
105 12 12 3 5
106 6 6 20 21
107 22 22 7 9
108 21 22 2 3
109 38 38 8 8
110 33 34 34 34
111 35 35 24 25
112 36 38 21 22
113 28 28 28 30
114 39 39 28 30
115 2 4 8 10
116 37 39 14 15
117 37 37 8 9
118 2 2 20 22
119 0 0 27 29
120 11 11 26 27
121 32 33 19 19
122 9 10 23 23
123 37 39 20 20
124 27 29 18 18
125 14 14 8 8
126 31 32 9 10
127 38 38 30 32
128 0 1 22 23
129 6 8 11 13
130 19 19 21 23
131 30 31 30 31
132 31 32 7 8
133 16 16 22 23
134 5 5 39 39
135 39 39 6 7
136 28 30 35 36
137 27 29 15 17
138 14 14 13 13
139 23 24 25 27
140 4 4 4 6
141 23 24 36 37
142 11 11 10 10
143 35 35 11 13
144 21 21 15 15
145 15 17 27 27
146 11 11 30 32
147 0 2 26 26
148 28 28 6 6
149 38 38 9 10
150 19 19 3 4
151 37 37 0 2
152 25 26 13 15
153 12 14 25 27
154 4 4 24 26
155 36 36 6 8
156 15 16 39 39
157 23 23 35 35
158 1 1 7 7
159 8 8 36 37
160 21 23 28 30
161 14 14 21 22
162 4 5 18 18
163 36 38 3 4
164 18 20 27 28
165 6 6 16 16
166 35 35 29 31
167 10 10 38 39
168 34 34 6 8
169 22 22 17 19
170 5 5 10 11
171 25 27 34 36
172 13 14 28 29
173 37 37 36 38
174 16 16 18 20
175 15 15 17 18
176 19 20 14 15
177 4 4 2 3
178 38 38 16 16
179 23 23 5 5
180 0 1 33 34
181 20 22 20 21
182 30 30 38 39
183 38 39 0 2
184 38 38 17 17
185 10 11 18 20
186 30 32 22 22
187 24 24 35 35
188 21 21 5 6
189 37 37 17 18
190 5 5 12 13
191 35 35 22 23
192 16 16 7 9
193 16 18 15 16
194 12 14 38 39
195 5 5 7 7
196 1 3 18 19
197 18 18 24 26
198 0 1 13 15
199 15 15 12 13
200 24 24 20 22
201 23 23 9 11
202 20 20 24 25
203 14 14 18 19
204 4 4 32 33
205 23 23 18 18
206 27 27 0 2
207 27 28 14 14
208 13 15 23 24
209 15 16 25 25
210 28 28 25 27
211 22 22 26 26
212 10 11 21 22
213 0 0 6 6
214 17 17 20 20
215 23 23 31 32
216 18 18 23 23
217 15 16 38 38
218 18 19 0 1
219 31 32 26 26
220 14 14 20 20
221 16 17 37 37
222 32 32 14 14
223 1 1 35 37
224 21 21 12 12
225 33 34 25 27
226 30 31 32 34
227 25 27 37 39
228 5 7 14 15
229 15 16 6 6
230 26 27 6 8
231 11 12 33 35
232 8 9 27 29
233 25 25 24 24
234 39 39 37 37
235 33 34 10 10
236 35 37 34 35
237 24 24 18 19
238 17 18 3 5
239 23 24 13 15
240 36 36 9 11
241 32 33 20 20
242 2 2 1 2
243 35 35 6 7
244 1 1 17 17
245 38 39 24 25
246 26 28 3 5
247 1 1 20 20
248 9 9 21 22
249 25 27 19 21
250 0 0 4 5
251 21 22 33 33
252 31 33 35 36
253 14 14 0 1
254 12 12 0 2
255 5 6 4 6
256 24 24 7 9
257 6 7 7 8
258 15 17 28 30
259 5 5 8 9
260 35 35 26 28
261 27 27 31 33
262 10 10 25 26
263 12 14 9 10
264 7 7 29 30
265 8 8 33 35
266 25 25 30 32
267 28 28 31 33
268 24 25 4 6
269 38 38 26 28
270 2 4 34 35
271 2 3 0 0
272 12 14 12 12
273 39 39 11 11
274 26 26 0 2
275 2 4 36 36
276 20 22 34 36
277 0 0 8 9
278 14 14 11 11
279 19 19 25 26
280 7 7 28 28
281 6 6 36 37
282 19 20 5 6
283 24 26 12 12
284 39 39 3 5
285 8 9 24 26
286 25 25 23 23
287 27 29 12 13
288 33 34 31 33
289 14 14 14 14
290 19 21 7 8
291 23 23 21 21
292 26 26 30 32
293 20 20 32 33
294 11 12 28 28
295 23 23 39 39
296 9 10 11 13
297 36 37 23 25
298 32 32 24 25
299 25 26 16 18
300 12 13 20 21
301 16 16 21 21
302 18 18 18 18
303 15 16 10 11
304 18 19 2 2
305 32 33 15 15
306 28 29 19 20
307 28 29 21 22
308 30 31 16 16
309 5 7 2 3
310 35 37 33 33
311 37 38 11 13
312 35 35 14 15
313 32 32 27 28
314 3 3 1 2
315 7 7 35 36
316 8 9 3 5
317 1 3 27 27
318 37 37 16 16
319 1 1 4 4
320 32 34 11 13
321 24 25 10 11
322 13 13 0 0
323 2 2 38 39
324 29 29 27 28
325 35 35 32 32
326 7 9 18 20
327 19 20 12 13
328 3 3 20 20
329 17 19 11 11
330 20 21 4 4
331 28 28 34 34
332 12 12 37 37
333 36 36 2 2
334 17 17 21 22
335 10 10 3 3
336 34 36 5 5
337 0 0 35 36
338 19 19 19 20
339 39 39 12 13
340 11 11 6 7
341 35 35 8 10
342 27 27 26 28
343 28 30 37 37
344 36 36 38 39
345 7 7 4 4
346 39 39 21 21
347 18 19 29 30
348 30 31 20 21
349 2 4 23 23
350 37 37 10 10
351 26 27 22 24
352 15 16 1 2
353 15 16 3 5
354 3 3 21 22
355 14 14 2 4
356 12 13 16 16
357 34 34 38 39
358 3 3 28 30
359 5 5 16 17
360 3 3 25 26
361 31 32 4 6
362 20 20 17 19
363 35 35 38 39
364 31 33 37 39
365 24 24 39 39
366 19 19 24 24
367 29 29 30 32
368 36 36 16 17
369 22 22 11 13
370 17 19 9 10
371 5 7 22 24
372 38 38 29 29
373 13 13 1 3
374 1 1 16 16
375 39 39 8 10
376 35 35 16 17
377 29 30 25 26
378 24 26 28 29
379 14 14 15 15
380 21 21 16 18
381 33 33 8 9
382 39 39 36 36
383 16 18 12 14
384 36 37 30 32
385 0 1 0 1
386 36 36 20 20
387 14 16 32 33
388 36 36 12 14
389 1 1 10 12
390 32 33 16 18
391 20 21 9 11
392 17 18 38 39
393 31 33 3 3
394 2 2 13 14
395 2 2 15 17
396 11 11 11 12
397 23 24 38 38
398 8 8 22 23
399 9 10 35 37
400 30 31 17 19
401 23 23 3 4
402 32 32 33 34
403 28 28 8 8
404 3 3 24 24
405 7 8 0 1
406 8 10 14 15
407 35 36 36 37
408 5 5 33 34
409 7 9 16 17
410 0 1 38 39
411 23 23 0 2
412 2 2 3 4
413 28 30 23 24
414 20 20 26 26
415 17 18 6 8
416 26 27 9 11
417 29 29 29 29
418 15 15 14 16
419 39 39 16 17
420 34 34 9 9
421 1 1 5 6
422 13 13 33 35
423 12 13 22 22
424 4 6 0 1
425 36 36 18 19
426 34 35 19 21
427 20 20 2 3
428 17 17 1 2
429 20 20 30 31
430 36 36 15 15
431 31 31 23 25
432 18 20 37 37
433 16 16 17 17
434 3 3 17 17
435 23 24 16 17
436 34 35 2 3
437 14 15 36 37
438 0 0 10 12
439 17 17 23 24
440 11 12 36 36
441 39 39 32 34
442 12 13 17 19
443 13 13 5 5
444 20 20 16 16
445 36 37 26 27
446 33 34 4 4
447 38 38 38 39
448 37 37 19 19
449 25 26 26 27
450 24 25 0 0
451 7 7 31 32
452 22 22 22 22
453 11 11 3 3
454 10 10 24 24
455 21 21 13 14
456 8 8 2 2
457 24 25 1 3
458 7 7 5 6
459 28 30 9 11
460 23 23 6 8
461 30 30 12 13
462 32 33 21 21
463 6 6 31 33
464 29 30 6 8
465 12 14 7 7
466 17 17 17 19
467 17 18 31 33
468 9 11 1 2
469 4 4 7 7
470 12 12 23 24
471 34 34 15 16
472 14 15 34 35
473 11 11 8 9
474 28 30 0 2
475 33 33 5 7
476 27 27 29 30
477 15 17 0 0
478 22 22 27 27
479 38 38 5 7
480 2 2 11 12
481 34 34 35 37
482 11 11 23 25
483 38 39 18 19
484 0 0 16 18
485 32 32 30 30
486 0 0 37 37
487 21 21 19 19
488 3 3 3 3
489 25 25 22 22
490 25 26 33 33
491 23 23 12 12
492 3 3 31 32
493 8 10 6 8
494 12 13 8 8
495 15 15 7 9
496 7 7 33 34
497 11 13 13 15
498 39 39 31 31
499 19 19 16 18
500 5 7 25 27
501 1 1 21 21
502 18 18 17 17
503 4 5 19 21
504 20 22 0 1
505 16 16 24 24
506 4 4 29 31
507 29 30 3 5
508 36 37 28 29
509 0 1 2 3
510 38 39 23 23
511 37 37 39 39
