1 0 0 0 0
2 1 1 0 0
3 2 2 0 0
4 3 3 0 0
5 4 4 0 0
6 5 5 0 0
7 6 6 0 0
8 0 0 1 1
9 1 1 1 1
10 2 2 1 1
11 3 3 1 1
12 4 4 1 1
13 5 5 1 1
14 6 6 1 1
15 0 0 2 2
16 1 1 2 2
17 2 2 2 2
18 3 3 2 2
19 4 4 2 2
20 5 5 2 2
21 6 6 2 2
22 0 0 3 3
23 1 1 3 3
24 2 2 3 3
25 3 3 3 3
26 4 4 3 3
27 5 5 3 3
28 6 6 3 3
29 0 0 4 4
30 1 1 4 4
31 2 2 4 4
32 3 3 4 4
33 4 4 4 4
34 5 5 4 4
35 6 6 4 4
36 0 0 5 5
37 1 1 5 5
38 2 2 5 5
39 3 3 5 5
40 4 4 5 5
41 5 5 5 5
42 6 6 5 5
43 0 0 6 6
44 1 1 6 6
45 2 2 6 6
46 3 3 6 6
47 4 4 6 6
48 5 5 6 6
49 6 6 6 6
