1 3 3 12 12
2 21 21 17 18
3 7 7 9 11
4 21 22 13 14
5 19 20 22 22
6 0 0 6 8
7 12 12 22 22
8 7 7 2 3
9 1 1 20 22
10 18 19 18 19
11 3 5 0 2
12 14 16 7 8
13 12 13 3 5
14 21 21 19 21
15 18 19 3 3
16 6 6 10 10
17 10 11 20 20
18 22 22 19 20
19 4 4 21 22
20 10 10 15 17
21 14 16 9 11
22 22 22 21 22
23 13 14 13 13
24 18 18 0 2
25 15 16 2 3
26 1 1 11 11
27 6 6 2 4
28 21 22 2 2
29 10 11 13 14
30 4 6 11 13
31 0 0 13 15
32 15 17 0 1
33 7 7 13 15
34 3 3 13 13
35 3 5 8 10
36 14 16 6 6
37 11 12 16 17
38 21 21 10 12
39 20 20 14 16
40 14 14 3 5
41 19 21 0 1
42 17 17 8 10
43 20 20 8 8
44 8 9 5 6
45 21 21 3 3
46 6 8 17 18
47 17 18 20 22
48 15 16 4 4
49 0 0 22 22
50 22 22 16 18
51 1 1 19 19
52 12 14 0 0
53 9 11 0 1
54 1 1 10 10
55 0 2 0 2
56 17 17 2 4
57 3 3 21 21
58 4 5 14 15
59 18 19 17 17
60 3 3 14 14
61 6 6 8 9
62 8 8 8 8
63 1 3 4 5
64 19 20 10 11
65 3 5 18 20
66 1 1 16 18
67 21 21 15 16
68 10 10 7 7
69 12 13 9 10
70 8 9 7 7
71 21 21 22 22
72 20 22 6 7
73 6 6 14 14
74 11 11 6 7
75 12 13 6 8
76 10 10 5 6
77 9 9 10 10
78 1 2 12 14
79 4 5 3 4
80 3 3 6 7
81 8 8 0 1
82 13 13 16 17
83 22 22 10 11
84 9 9 17 18
85 14 14 20 21
86 10 11 21 22
87 2 2 19 21
88 15 15 16 17
89 6 7 0 1
90 12 13 14 15
91 0 0 10 12
92 12 12 13 13
93 2 3 11 11
94 17 17 5 7
95 12 12 11 11
96 20 20 19 20
97 22 22 0 1
98 17 18 16 16
99 0 0 21 21
100 1 2 6 8
101 0 0 3 5
102 11 11 15 15
103 1 3 3 3
104 22 22 3 3
105 17 17 17 19
106 1 2 15 15
107 8 8 3 4
108 0 0 16 18
109 6 6 15 16
110 14 14 14 16
111 22 22 12 12
112 13 13 19 20
113 0 1 9 9
114 12 14 1 2
115 4 5 16 17
116 0 0 19 20
117 7 9 19 21
118 20 20 2 4
119 15 15 13 15
120 8 8 9 11
121 21 22 8 9
122 2 2 22 22
123 16 16 15 16
124 9 11 2 4
125 14 15 12 12
126 7 7 4 5
127 8 9 14 16
128 8 9 22 22
129 10 12 12 12
130 15 15 18 19
131 13 13 22 22
132 7 7 16 16
133 10 12 18 19
134 20 20 21 21
135 2 2 9 10
136 18 18 4 6
137 4 6 5 7
138 16 16 17 19
139 19 19 2 2
140 17 18 13 15
141 7 7 6 8
142 19 19 7 9
143 8 8 2 2
144 13 13 11 12
145 7 8 12 12
146 15 16 5 5
147 18 20 12 12
148 12 12 20 21
149 9 9 11 13
150 5 5 21 21
151 6 7 22 22
152 10 11 10 11
153 17 17 11 12
154 14 14 22 22
155 6 6 19 21
156 3 3 15 17
157 20 20 5 5
158 5 5 22 22
159 2 2 17 18
160 19 19 20 21
161 19 19 4 6
162 2 2 16 16
163 15 16 20 22
164 18 18 7 8
165 13 13 18 18
166 14 14 17 19
167 13 13 21 21
168 3 3 22 22
169 20 20 17 18
170 16 16 12 13
171 9 11 8 9
172 11 11 5 5
173 8 8 13 13
174 16 16 14 14
175 21 22 4 5
176 18 18 9 11
177 22 22 15 15
178 20 20 9 9
179 19 19 14 16
180 19 20 13 13
