1 45 47 30 32
2 16 18 56 58
3 18 18 28 29
4 36 36 5 7
5 16 16 41 42
6 28 28 14 14
7 0 0 46 47
8 9 9 12 14
9 15 15 14 14
10 52 53 11 12
11 5 7 0 1
12 55 55 30 32
13 25 25 43 44
14 58 59 0 2
15 44 44 51 51
16 11 13 16 18
17 14 14 50 52
18 21 23 50 52
19 21 21 12 14
20 55 56 20 22
21 21 22 7 8
22 44 44 17 18
23 58 58 7 7
24 35 37 38 38
25 32 33 53 54
26 49 49 11 13
27 45 45 10 11
28 23 24 27 27
29 34 34 6 8
30 32 32 6 6
31 21 21 0 2
32 48 49 50 51
33 27 27 28 29
34 18 20 3 5
35 14 14 21 23
36 58 58 30 30
37 13 13 6 6
38 47 47 41 42
39 14 15 26 28
40 33 34 9 11
41 14 14 1 2
42 15 17 7 7
43 36 37 1 1
44 19 20 0 2
45 54 54 51 52
46 4 4 51 53
47 2 4 21 21
48 10 10 6 7
49 36 36 8 9
50 12 12 55 55
51 31 31 56 57
52 24 24 50 51
53 54 54 49 50
54 7 7 11 12
55 20 22 23 23
56 10 10 42 42
57 12 12 21 22
58 50 51 23 24
59 19 19 55 55
60 24 24 16 18
61 52 53 55 55
62 5 7 41 41
63 10 12 9 9
64 5 5 38 40
65 0 0 4 5
66 0 0 17 19
67 4 5 18 20
68 10 11 3 3
69 41 41 1 1
70 1 3 47 49
71 23 23 0 1
72 50 51 46 46
73 25 25 14 14
74 15 15 31 31
75 11 12 25 27
76 55 57 5 7
77 44 44 36 36
78 49 49 45 46
79 56 57 41 43
80 33 33 25 26
81 14 15 29 30
82 25 27 56 58
83 44 45 48 48
84 23 25 9 9
85 39 39 0 1
86 35 36 42 44
87 35 35 57 58
88 30 32 29 30
89 54 54 11 12
90 13 13 24 26
91 42 43 47 48
92 28 28 55 55
93 0 1 15 15
94 33 35 30 30
95 30 32 27 28
96 21 21 36 38
97 34 34 12 14
98 44 45 56 58
99 31 32 46 47
100 25 25 35 35
101 43 43 53 53
102 46 46 5 7
103 3 4 13 15
104 16 16 55 55
105 14 14 48 49
106 53 54 8 10
107 39 40 3 5
108 45 46 8 9
109 33 34 59 59
110 16 17 49 51
111 2 2 42 42
112 19 19 56 58
113 41 41 3 3
114 6 6 26 28
115 27 27 30 31
116 37 38 4 6
117 0 1 43 43
118 10 11 44 46
119 44 44 1 3
120 15 15 55 56
121 32 33 31 33
122 20 21 24 24
123 6 6 24 25
124 34 36 28 28
125 10 11 0 0
126 4 4 6 8
127 33 33 13 13
128 35 35 25 25
129 5 6 33 35
130 25 25 42 42
131 37 38 56 58
132 22 24 45 47
133 15 16 1 2
134 29 29 13 15
135 30 32 17 18
136 19 19 59 59
137 19 19 35 37
138 26 26 38 40
139 27 29 50 52
140 36 36 10 12
141 10 10 35 36
142 14 16 11 12
143 56 58 9 10
144 14 15 58 58
145 27 29 39 39
146 25 25 36 36
147 43 44 37 37
148 17 17 59 59
149 46 47 38 40
150 38 38 10 12
151 50 50 34 36
152 54 54 44 45
153 40 42 52 53
154 27 29 18 19
155 41 42 49 49
156 10 10 30 32
157 55 55 8 9
158 28 30 31 32
159 53 53 28 28
160 11 12 19 20
161 35 35 37 37
162 3 3 53 54
163 43 43 20 22
164 25 25 25 25
165 3 3 59 59
166 13 13 38 39
167 36 38 34 35
168 33 33 27 28
169 53 55 2 3
170 2 2 33 33
171 54 54 24 25
172 28 30 56 57
173 23 23 58 59
174 41 41 11 13
175 14 15 13 13
176 31 31 42 42
177 2 2 5 7
178 0 1 16 16
179 17 17 53 53
180 4 4 32 34
181 21 21 42 42
182 33 33 46 48
183 33 33 16 16
184 33 34 29 29
185 28 28 58 58
186 22 22 17 18
187 18 18 59 59
188 41 41 43 44
189 3 3 42 44
190 34 36 49 49
191 55 55 10 11
192 31 33 41 41
193 41 41 2 2
194 43 43 19 19
195 7 9 57 57
196 27 27 32 32
197 13 13 42 44
198 11 13 5 5
199 58 58 22 24
200 6 6 9 11
201 18 20 6 8
202 46 46 26 26
203 11 12 39 40
204 54 55 56 56
205 48 48 15 17
206 18 19 45 45
207 43 45 38 40
208 46 46 45 45
209 43 43 31 33
210 57 57 23 24
211 39 41 54 55
212 20 20 28 29
213 5 5 27 29
214 58 58 19 19
215 38 38 44 45
216 0 2 0 0
217 41 41 4 6
218 26 26 11 13
219 19 19 23 23
220 52 52 37 39
221 2 2 59 59
222 34 34 31 33
223 14 15 17 19
224 59 59 18 19
225 39 40 11 13
226 11 11 4 4
227 55 55 43 43
228 35 35 13 15
229 30 30 22 22
230 0 0 26 28
231 26 26 47 47
232 36 38 26 27
233 25 25 7 8
234 10 12 33 33
235 28 28 44 45
236 20 20 9 11
237 39 39 14 14
238 21 21 33 35
239 28 28 59 59
240 21 21 47 49
241 59 59 23 25
242 21 21 25 25
243 42 43 13 13
244 2 2 34 35
245 35 37 29 29
246 31 31 32 34
247 23 24 6 8
248 0 0 9 10
249 10 11 58 59
250 16 16 13 15
251 54 54 53 54
252 48 49 59 59
253 51 51 8 8
254 36 36 57 57
255 49 50 55 57
256 11 13 30 30
257 34 34 15 16
258 11 12 6 6
259 38 38 39 41
260 41 42 32 33
261 58 58 25 26
262 45 46 0 1
263 44 44 33 35
264 57 57 53 54
265 8 9 41 43
266 5 5 58 58
267 49 50 6 8
268 28 29 40 41
269 52 53 23 23
270 15 15 45 46
271 13 14 32 32
272 37 37 52 54
273 2 2 36 37
274 36 37 15 16
275 35 37 39 41
276 3 3 45 45
277 56 57 36 37
278 25 25 50 52
279 42 43 56 58
280 1 1 17 19
281 20 20 15 17
282 50 51 51 51
283 39 39 44 44
284 23 23 17 19
285 48 48 30 31
286 8 9 34 35
287 29 29 16 17
288 59 59 33 33
289 34 34 57 57
290 2 2 54 55
291 51 53 47 49
292 40 40 43 44
293 36 37 36 37
294 20 21 57 57
295 44 44 15 16
296 22 22 22 22
297 43 43 36 36
298 41 41 24 25
299 56 57 18 19
300 41 41 15 17
301 13 14 54 56
302 25 25 37 38
303 23 25 10 11
304 46 46 35 35
305 21 23 53 55
306 0 1 34 36
307 30 30 41 42
308 36 36 3 4
309 21 21 43 45
310 41 41 56 57
311 22 24 35 37
312 36 36 50 50
313 54 54 33 35
314 15 16 24 25
315 13 13 48 50
316 42 44 12 12
317 54 56 47 48
318 37 37 22 23
319 29 29 47 49
320 23 24 4 5
321 55 55 40 42
322 2 2 43 45
323 29 29 6 6
324 19 19 32 34
325 9 9 27 28
326 54 54 26 28
327 8 9 31 33
328 55 57 46 46
329 4 5 9 10
330 59 59 14 16
331 33 33 49 49
332 7 7 22 22
333 5 5 42 42
334 3 3 37 38
335 55 55 12 12
336 26 26 51 51
337 33 33 0 1
338 8 8 53 55
339 33 33 12 12
340 50 51 12 14
341 30 30 33 35
342 40 40 58 59
343 20 22 58 59
344 4 4 48 50
345 26 26 23 25
346 58 58 6 6
347 5 5 51 53
348 42 44 54 54
349 52 52 50 51
350 27 28 48 48
351 15 15 32 34
352 6 7 53 53
353 45 45 35 37
354 11 11 49 51
355 37 37 47 48
356 6 7 21 21
357 7 7 30 31
358 46 46 54 56
359 53 55 38 39
360 14 15 35 36
361 58 58 42 44
362 42 43 7 8
363 0 0 45 45
364 52 54 40 40
365 16 16 16 18
366 58 58 41 41
367 16 16 46 48
368 4 4 58 59
369 41 42 50 50
370 30 30 43 44
371 10 10 4 5
372 6 7 47 48
373 51 51 55 57
374 22 23 16 16
375 19 19 28 29
376 3 3 50 52
377 59 59 55 57
378 59 59 10 11
379 22 23 28 28
380 20 20 34 36
381 52 53 44 44
382 59 59 46 47
383 39 40 39 40
384 20 20 48 48
385 56 58 14 15
386 16 18 31 33
387 37 37 55 55
388 28 28 2 4
389 34 35 0 2
390 8 8 8 9
391 27 27 7 8
392 31 31 53 55
393 18 18 55 55
394 59 59 48 50
395 8 8 47 48
396 45 45 54 55
397 40 40 0 0
398 51 51 41 43
399 25 26 18 18
400 45 45 29 29
401 27 28 53 54
402 54 56 58 58
403 27 27 41 41
404 10 10 34 34
405 44 44 0 0
406 6 7 42 43
407 51 51 39 40
408 54 55 4 4
409 20 21 20 22
410 24 24 52 52
411 7 7 32 34
412 12 12 56 58
413 2 2 51 53
414 29 31 3 5
415 17 19 18 20
416 8 8 1 2
417 11 12 28 29
418 22 23 57 57
419 16 16 52 52
420 17 17 52 52
421 53 53 56 58
422 3 3 55 55
423 39 39 29 31
424 55 55 23 24
425 29 29 28 30
426 42 44 44 44
427 45 45 5 7
428 42 44 55 55
429 0 0 20 22
430 51 51 19 20
431 19 19 10 11
432 32 32 14 16
433 40 40 23 25
434 24 24 56 58
435 53 55 36 37
436 17 17 37 38
437 33 34 22 23
438 1 1 40 42
439 5 5 24 25
440 27 28 11 13
441 13 13 40 41
442 13 13 58 59
443 40 40 1 2
444 11 13 7 8
445 45 46 49 51
446 2 3 18 20
447 59 59 39 41
448 27 28 36 38
449 14 14 5 7
450 4 4 39 39
451 9 11 1 2
452 52 52 45 46
453 47 47 49 51
454 46 46 46 48
455 34 35 3 5
456 24 25 33 33
457 39 40 8 10
458 8 8 16 17
459 59 59 17 17
460 17 17 39 41
461 37 38 28 28
462 27 27 43 45
463 36 36 13 13
464 26 26 8 10
465 12 13 0 2
466 56 57 16 17
467 41 41 58 59
468 20 20 42 44
469 0 1 30 30
470 59 59 22 22
471 21 22 9 11
472 14 14 38 40
473 0 1 37 39
474 53 55 59 59
475 51 52 6 6
476 35 35 18 18
477 59 59 28 30
478 47 47 33 35
479 58 59 3 4
480 20 21 31 32
481 5 5 26 26
482 50 50 42 43
483 50 50 37 37
484 53 53 53 54
485 34 35 26 27
486 2 2 25 27
487 33 34 18 18
488 47 47 46 47
489 13 13 52 53
490 23 23 26 26
491 24 26 53 55
492 14 16 8 10
493 9 9 29 30
494 6 8 18 20
495 57 57 20 22
496 58 58 59 59
497 42 42 39 39
498 49 49 42 42
499 40 40 46 47
500 19 19 38 40
501 59 59 58 59
502 10 11 43 43
503 17 17 28 28
504 35 35 9 10
505 4 6 2 2
506 19 19 26 27
507 42 42 16 17
508 12 13 51 51
509 57 59 31 31
510 44 45 47 47
511 44 44 32 32
512 29 29 11 12
513 12 12 59 59
514 55 57 34 35
515 15 15 21 22
516 8 8 51 52
517 46 48 27 29
518 18 19 43 44
519 27 28 49 49
520 0 0 40 40
521 6 7 52 52
522 48 48 37 38
523 8 10 39 40
524 37 37 8 10
525 1 1 4 6
526 1 1 7 7
527 52 52 10 10
528 26 26 35 37
529 45 45 14 15
530 37 37 49 51
531 1 2 22 24
532 14 15 43 44
533 42 42 36 38
534 18 18 34 36
535 13 13 19 21
536 44 44 31 31
537 37 37 3 3
538 43 43 23 24
539 15 15 47 49
540 42 44 45 45
541 47 47 24 26
542 22 23 31 33
543 4 5 44 45
544 7 8 26 28
545 41 43 0 0
546 48 48 32 33
547 47 48 52 52
548 46 47 13 14
549 34 34 44 44
550 37 37 42 42
551 27 28 9 10
552 43 43 41 43
553 30 30 36 38
554 41 41 35 35
555 25 25 39 41
556 40 40 6 6
557 18 18 40 42
558 30 31 19 21
559 56 56 59 59
560 50 52 31 33
561 52 52 13 15
562 24 24 59 59
563 23 24 3 3
564 41 41 46 48
565 21 21 46 46
566 21 22 5 5
567 0 2 11 11
568 41 41 8 10
569 0 1 52 54
570 24 24 0 2
571 28 28 28 28
572 37 37 12 14
573 10 10 56 57
574 58 58 57 58
575 35 36 31 33
576 51 51 37 38
577 52 53 17 19
578 34 36 48 48
579 41 41 36 37
580 23 25 48 49
581 46 46 57 58
582 50 51 44 45
583 11 12 31 32
584 1 1 28 28
585 20 20 25 25
586 47 48 6 7
587 35 37 59 59
588 5 7 14 16
589 20 21 18 19
590 0 2 14 14
591 30 31 23 24
592 41 41 26 27
593 53 53 45 45
594 29 29 20 21
595 47 47 48 48
596 12 12 23 24
597 50 51 50 50
598 27 27 6 6
599 52 52 56 58
600 36 37 17 19
601 26 26 52 52
602 24 26 28 30
603 47 47 43 45
604 25 26 3 5
605 58 58 27 29
606 13 14 31 31
607 39 39 2 2
608 32 33 42 42
609 51 52 34 36
610 31 31 39 40
611 25 27 15 17
612 41 43 18 18
613 57 57 32 33
614 51 51 7 7
615 11 11 24 24
616 39 39 52 53
617 40 41 45 45
618 29 29 2 2
619 53 53 29 30
620 6 6 12 12
621 56 57 0 2
622 0 0 24 25
623 34 35 35 36
624 22 22 0 0
625 55 56 33 33
626 9 11 47 48
627 52 52 7 9
628 33 35 50 50
629 16 17 34 36
630 50 52 28 30
631 40 42 31 31
632 3 3 56 58
633 33 33 14 15
634 8 8 13 15
635 49 49 36 37
636 42 44 29 30
637 26 27 0 2
638 1 1 58 58
639 45 45 16 18
640 4 6 57 57
641 3 4 11 12
642 38 38 52 53
643 22 24 34 34
644 56 56 23 24
645 58 58 53 53
646 2 2 38 39
647 56 56 30 32
648 6 7 13 13
649 58 58 48 49
650 6 7 50 51
651 9 9 3 4
652 5 7 6 8
653 54 55 14 16
654 56 56 56 56
655 39 39 58 59
656 16 16 22 22
657 39 40 34 35
658 26 26 6 7
659 34 36 47 47
660 49 49 43 44
661 58 58 11 13
662 39 41 7 7
663 10 10 10 11
664 56 57 3 4
665 7 8 23 25
666 6 8 58 58
667 43 44 49 50
668 49 49 30 32
669 49 51 9 10
670 16 16 28 30
671 13 15 57 57
672 21 21 15 17
673 32 34 38 39
674 59 59 7 9
675 54 54 29 31
676 4 4 40 40
677 51 52 21 22
678 48 50 47 49
679 47 48 56 57
680 15 15 40 42
681 32 33 55 57
682 10 10 41 41
683 14 16 37 37
684 55 57 28 29
685 38 38 29 31
686 55 56 49 51
687 28 28 7 8
688 44 45 28 28
689 27 27 4 5
690 50 50 4 5
691 18 18 37 38
692 16 16 19 20
693 57 57 30 30
694 13 13 9 9
695 57 57 55 57
696 27 27 40 40
697 59 59 26 27
698 43 43 16 17
699 26 26 44 46
700 31 31 38 38
701 52 52 26 27
702 58 58 54 55
703 50 51 58 58
704 58 58 56 56
705 10 11 37 38
706 27 27 42 42
707 13 13 36 37
708 53 55 0 1
709 28 28 29 30
710 49 50 52 54
711 25 25 31 32
712 14 14 14 16
713 15 16 23 23
714 2 3 46 46
715 7 9 44 46
716 23 23 2 2
717 8 8 29 30
718 11 12 34 36
719 1 3 8 10
720 6 6 44 46
721 39 39 45 47
722 16 16 26 26
723 13 13 27 29
724 6 7 49 49
725 39 39 26 28
726 25 25 45 45
727 29 30 53 55
728 22 23 12 13
729 0 2 12 13
730 0 0 55 57
731 25 26 21 22
732 20 22 39 41
733 30 31 14 16
734 54 54 32 32
735 34 35 34 34
736 50 50 19 20
737 41 41 40 42
738 9 10 54 54
739 44 44 13 13
740 29 29 36 38
741 50 51 15 15
742 1 1 55 57
743 43 43 51 52
744 29 29 46 46
745 38 38 13 14
746 47 47 58 59
747 48 49 25 26
748 48 48 13 14
749 8 8 21 22
750 56 58 52 52
751 18 19 48 48
752 49 49 35 35
753 48 48 44 46
754 21 23 56 56
755 18 18 39 39
756 38 39 36 38
757 53 54 6 7
758 17 17 5 6
759 48 49 23 24
760 25 26 34 34
761 30 32 26 26
762 9 10 55 55
763 14 16 59 59
764 19 19 31 31
765 30 32 9 11
766 26 26 31 33
767 48 50 39 41
768 42 43 1 2
769 3 3 2 3
770 35 36 22 23
771 35 35 24 24
772 44 46 4 4
773 58 59 20 21
774 53 53 21 22
775 39 39 6 6
776 8 9 0 0
777 54 56 55 55
778 46 47 17 17
779 24 25 12 13
780 3 3 32 33
781 47 48 8 9
782 32 33 34 36
783 16 16 4 6
784 24 24 19 19
785 9 9 18 19
786 26 26 41 43
787 0 0 44 44
788 34 34 17 17
789 4 4 35 36
790 49 49 3 5
791 14 14 33 34
792 5 5 59 59
793 14 14 53 53
794 40 40 26 27
795 19 19 21 22
796 3 4 0 1
797 24 24 24 26
798 53 53 50 52
799 19 20 49 51
800 50 52 0 1
801 7 8 5 5
802 36 38 24 25
803 42 43 14 15
804 41 41 34 34
805 0 0 58 59
806 42 42 27 28
807 2 2 30 32
808 39 40 48 49
809 21 23 29 30
810 55 55 52 53
811 39 40 56 57
812 33 33 17 17
813 32 32 23 25
814 31 31 31 31
815 56 57 38 39
816 56 58 8 8
817 24 24 20 21
818 2 2 40 41
819 59 59 38 38
820 39 39 23 25
821 17 17 15 17
822 58 58 18 18
823 55 55 13 13
824 37 37 31 33
825 41 42 19 21
826 8 9 36 38
827 38 39 42 43
828 50 51 25 27
829 17 18 26 27
830 30 32 12 13
831 50 51 16 18
832 3 3 5 7
833 3 4 24 25
834 32 32 43 45
835 34 36 55 56
836 50 51 11 11
837 27 28 46 47
838 11 11 41 42
839 27 27 3 3
840 29 31 58 58
841 55 57 25 27
842 15 16 53 54
843 58 59 35 37
844 24 24 31 32
845 0 1 29 29
846 31 31 35 37
847 47 47 36 37
848 49 49 1 2
849 42 42 42 43
850 17 17 42 42
851 9 9 58 59
852 8 8 10 12
853 27 29 33 35
854 21 21 28 28
855 48 49 20 22
856 30 31 25 25
857 1 1 26 27
858 25 25 46 47
859 12 12 37 38
860 17 17 54 55
861 50 50 21 22
862 20 20 45 47
863 40 40 41 41
864 15 16 3 3
865 59 59 43 45
866 52 52 24 25
867 49 49 33 34
868 37 37 7 7
869 51 52 52 54
870 29 29 44 45
871 11 13 10 10
872 28 28 5 6
873 9 9 5 6
874 11 11 55 57
875 6 6 22 23
876 59 59 42 42
877 0 0 23 23
878 38 38 22 23
879 54 56 57 57
880 9 11 21 23
881 36 36 14 14
882 41 42 51 51
883 30 30 45 47
884 2 2 15 17
885 36 37 2 2
886 35 35 16 17
887 16 17 43 45
888 40 41 14 14
889 38 38 7 9
890 46 46 36 37
891 1 1 44 46
892 46 47 15 16
893 39 40 20 22
894 27 29 27 27
895 12 12 48 49
896 11 12 52 54
897 21 22 6 6
898 17 18 0 1
899 46 48 18 19
900 1 1 20 21
901 18 19 46 47
902 3 3 34 36
903 22 22 21 21
904 53 53 14 16
905 46 47 20 20
906 5 5 48 50
907 40 41 28 30
908 32 33 7 8
909 58 58 39 40
910 38 38 54 55
911 42 42 24 26
912 4 6 54 56
913 6 7 29 29
914 3 5 22 23
915 39 39 41 41
916 34 36 51 52
917 44 46 24 24
918 52 52 16 16
919 20 22 26 27
920 13 13 22 23
921 8 10 49 50
922 28 30 0 1
923 9 9 9 11
924 12 12 43 44
925 42 42 34 35
926 28 29 26 26
927 17 18 12 14
928 5 5 21 21
929 54 54 21 23
930 58 59 34 34
931 34 34 24 25
932 7 9 56 56
933 32 34 58 58
934 39 40 50 51
935 22 24 38 38
936 18 18 49 51
937 49 49 17 19
938 49 49 27 29
939 25 26 19 20
940 6 6 59 59
941 9 10 15 17
942 23 23 20 21
943 19 20 14 14
944 3 4 26 28
945 17 17 29 30
946 18 20 52 54
947 3 4 16 17
948 1 1 59 59
949 36 36 58 58
950 34 36 53 54
951 58 58 38 38
952 38 40 32 33
953 32 32 19 19
954 19 19 24 25
955 30 32 50 52
956 48 48 42 43
957 59 59 52 54
958 5 5 11 13
959 47 48 4 5
960 7 7 35 37
961 42 44 9 11
962 3 3 39 41
963 15 15 4 6
964 45 45 45 46
965 47 49 0 0
966 4 4 41 42
967 41 42 22 23
968 34 34 45 46
969 58 58 5 5
970 0 0 51 51
971 9 10 24 26
972 35 35 11 12
973 44 45 19 20
974 16 16 38 40
975 27 27 26 26
976 7 7 2 4
977 18 18 2 2
978 15 15 15 16
979 53 54 41 43
980 23 24 39 41
981 0 0 41 42
982 27 27 55 55
983 33 33 4 6
984 9 9 7 8
985 14 14 24 25
986 42 44 5 6
987 45 46 2 3
988 45 46 44 44
989 9 10 51 53
990 38 38 46 48
991 19 20 12 13
992 33 35 19 21
993 14 14 41 42
994 5 6 30 31
995 15 15 50 50
996 33 33 51 52
997 17 18 10 11
998 3 3 4 4
999 12 12 41 42
1000 54 54 5 5
1001 36 38 20 21
1002 22 22 19 20
1003 1 1 50 51
1004 31 31 43 45
1005 18 19 15 17
1006 30 30 39 40
1007 10 10 12 14
1008 35 35 6 8
1009 22 24 14 15
1010 19 19 41 42
1011 4 5 46 47
1012 53 53 24 26
1013 18 19 9 9
1014 23 24 22 23
1015 53 54 13 13
1016 54 55 17 19
1017 57 58 50 51
1018 26 27 14 14
1019 34 34 41 43
1020 12 14 3 4
1021 2 2 28 29
1022 29 29 7 9
1023 41 41 38 39
1024 17 17 46 48
1025 17 18 22 22
1026 58 58 45 47
1027 38 40 18 19
1028 50 52 59 59
1029 17 17 2 4
1030 20 20 33 33
1031 8 8 3 4
1032 1 1 25 25
1033 33 33 43 45
1034 5 7 17 17
1035 43 45 25 27
1036 30 32 48 49
1037 10 10 8 8
1038 17 18 23 25
1039 50 52 2 3
1040 3 4 29 31
1041 46 46 25 25
1042 18 20 30 30
1043 48 48 34 36
1044 2 2 4 4
1045 9 9 20 20
1046 10 10 18 20
1047 5 6 36 37
1048 6 7 38 40
1049 51 53 4 5
1050 10 10 27 29
1051 30 31 6 8
1052 7 7 9 10
1053 44 46 52 53
1054 20 20 55 56
1055 56 56 53 54
1056 43 43 34 35
1057 2 2 50 50
1058 49 50 38 38
1059 31 32 0 2
1060 53 53 34 35
1061 35 37 45 46
1062 37 37 11 11
1063 5 6 32 32
1064 47 48 1 3
1065 33 33 2 3
1066 57 57 47 49
1067 22 23 24 25
1068 4 5 43 43
1069 25 25 2 2
1070 4 4 37 38
1071 15 15 51 52
1072 30 30 2 2
1073 37 37 43 44
1074 12 14 45 47
1075 40 40 36 38
1076 0 1 31 33
1077 7 7 54 55
1078 36 37 30 30
1079 25 25 6 6
1080 14 15 20 20
1081 16 18 21 21
1082 38 40 15 17
1083 20 20 37 38
1084 59 59 51 51
1085 25 25 23 24
1086 25 27 59 59
1087 59 59 32 32
1088 12 12 50 50
1089 25 25 0 1
1090 43 43 28 28
1091 22 24 42 44
1092 47 48 53 55
1093 32 32 3 5
1094 38 38 1 3
1095 0 0 6 7
1096 47 47 21 23
1097 49 49 14 16
1098 8 8 6 7
1099 52 52 41 43
1100 52 54 20 20
1101 11 13 14 15
1102 0 0 48 50
1103 46 48 10 12
1104 53 54 46 46
1105 56 57 40 40
1106 2 2 56 58
1107 44 44 7 8
1108 48 49 58 58
1109 0 2 1 3
1110 36 38 0 0
1111 33 33 24 24
1112 11 13 11 13
1113 55 55 54 54
1114 45 45 12 13
1115 45 46 59 59
1116 32 34 40 40
1117 32 34 37 37
1118 59 59 5 6
1119 17 17 8 9
1120 4 6 3 5
1121 13 13 33 35
1122 44 46 21 23
1123 22 22 1 2
1124 45 46 33 34
1125 26 26 48 50
1126 29 29 10 10
1127 44 46 41 43
1128 56 57 11 13
1129 28 29 42 43
1130 53 53 27 27
1131 58 58 16 17
1132 55 57 44 45
1133 28 28 15 17
1134 27 28 20 21
1135 42 44 46 46
1136 42 42 40 41
1137 31 31 22 22
1138 32 32 20 22
1139 21 22 3 4
1140 7 7 59 59
1141 8 8 59 59
1142 25 26 26 27
1143 38 38 49 51
1144 27 29 22 23
1145 32 32 59 59
1146 40 40 42 42
1147 58 58 32 33
1148 44 44 14 14
1149 15 15 38 39
1150 29 31 59 59
1151 59 59 12 13
1152 57 57 58 59
1153 16 16 27 27
1154 38 38 59 59
1155 42 44 59 59
1156 27 29 24 25
1157 53 53 31 33
1158 42 43 3 4
1159 0 0 8 8
1160 22 22 48 49
1161 14 16 0 0
